  0.21068   0.21014   0.20854   0.20591   0.20231   0.19780   0.19250   0.18650   0.17992   0.17288   0.16552   0.15795   0.15030   0.14268   0.13519   0.12793   0.12098   0.11438   0.10821   0.10248
  0.21014   0.20961   0.20801   0.20539   0.20180   0.19731   0.19203   0.18605   0.17949   0.17248   0.16514   0.15760   0.14998   0.14239   0.13493   0.12770   0.12076   0.11420   0.10804   0.10234
  0.20854   0.20801   0.20643   0.20384   0.20029   0.19585   0.19062   0.18471   0.17822   0.17129   0.16403   0.15657   0.14903   0.14152   0.13415   0.12699   0.12013   0.11364   0.10755   0.10191
  0.20591   0.20539   0.20384   0.20129   0.19780   0.19345   0.18831   0.18251   0.17614   0.16933   0.16220   0.15488   0.14748   0.14010   0.13286   0.12583   0.11910   0.11272   0.10674   0.10120
  0.20231   0.20180   0.20029   0.19780   0.19440   0.19016   0.18515   0.17949   0.17328   0.16665   0.15970   0.15256   0.14534   0.13816   0.13109   0.12424   0.11768   0.11146   0.10564   0.10023
  0.19780   0.19731   0.19585   0.19345   0.19016   0.18605   0.18120   0.17573   0.16972   0.16330   0.15657   0.14966   0.14268   0.13572   0.12889   0.12226   0.11591   0.10989   0.10425   0.09902
  0.19250   0.19203   0.19062   0.18831   0.18515   0.18120   0.17655   0.17129   0.16552   0.15935   0.15289   0.14625   0.13954   0.13286   0.12629   0.11993   0.11382   0.10804   0.10262   0.09760
  0.18650   0.18605   0.18471   0.18251   0.17949   0.17573   0.17129   0.16627   0.16076   0.15488   0.14872   0.14239   0.13599   0.12962   0.12336   0.11728   0.11146   0.10595   0.10078   0.09599
  0.17992   0.17949   0.17822   0.17614   0.17328   0.16972   0.16552   0.16076   0.15555   0.14998   0.14415   0.13816   0.13210   0.12606   0.12013   0.11438   0.10887   0.10365   0.09876   0.09423
  0.17288   0.17248   0.17129   0.16933   0.16665   0.16330   0.15935   0.15488   0.14998   0.14474   0.13926   0.13363   0.12793   0.12226   0.11669   0.11129   0.10611   0.10120   0.09660   0.09234
  0.16552   0.16514   0.16403   0.16220   0.15970   0.15657   0.15289   0.14872   0.14415   0.13926   0.13415   0.12889   0.12358   0.11828   0.11309   0.10804   0.10321   0.09863   0.09434   0.09036
  0.15795   0.15760   0.15657   0.15488   0.15256   0.14966   0.14625   0.14239   0.13816   0.13363   0.12889   0.12402   0.11910   0.11420   0.10938   0.10471   0.10023   0.09599   0.09202   0.08833
  0.15030   0.14998   0.14903   0.14748   0.14534   0.14268   0.13954   0.13599   0.13210   0.12793   0.12358   0.11910   0.11457   0.11006   0.10564   0.10134   0.09722   0.09332   0.08967   0.08628
  0.14268   0.14239   0.14152   0.14010   0.13816   0.13572   0.13286   0.12962   0.12606   0.12226   0.11828   0.11420   0.11006   0.10595   0.10191   0.09798   0.09423   0.09067   0.08733   0.08424
  0.13519   0.13493   0.13415   0.13286   0.13109   0.12889   0.12629   0.12336   0.12013   0.11669   0.11309   0.10938   0.10564   0.10191   0.09824   0.09469   0.09128   0.08805   0.08503   0.08223
  0.12793   0.12770   0.12699   0.12583   0.12424   0.12226   0.11993   0.11728   0.11438   0.11129   0.10804   0.10471   0.10134   0.09798   0.09469   0.09149   0.08843   0.08552   0.08280   0.08028
  0.12098   0.12076   0.12013   0.11910   0.11768   0.11591   0.11382   0.11146   0.10887   0.10611   0.10321   0.10023   0.09722   0.09423   0.09128   0.08843   0.08569   0.08310   0.08067   0.07841
  0.11438   0.11420   0.11364   0.11272   0.11146   0.10989   0.10804   0.10595   0.10365   0.10120   0.09863   0.09599   0.09332   0.09067   0.08805   0.08552   0.08310   0.08080   0.07864   0.07664
  0.10821   0.10804   0.10755   0.10674   0.10564   0.10425   0.10262   0.10078   0.09876   0.09660   0.09434   0.09202   0.08967   0.08733   0.08503   0.08280   0.08067   0.07864   0.07675   0.07499
  0.10248   0.10234   0.10191   0.10120   0.10023   0.09902   0.09760   0.09599   0.09423   0.09234   0.09036   0.08833   0.08628   0.08424   0.08223   0.08028   0.07841   0.07664   0.07499   0.07345
