  0.29636   0.29537   0.29240   0.28755   0.28095   0.27277   0.26322   0.25256   0.24103   0.22891   0.21645   0.20391   0.19151   0.17945   0.16792   0.15706   0.14695   0.13769   0.12931   0.12182
  0.29537   0.29437   0.29142   0.28659   0.28002   0.27188   0.26238   0.25177   0.24029   0.22823   0.21582   0.20334   0.19100   0.17900   0.16752   0.15671   0.14665   0.13743   0.12909   0.12163
  0.29240   0.29142   0.28851   0.28375   0.27727   0.26924   0.25987   0.24941   0.23809   0.22619   0.21397   0.20165   0.18948   0.17765   0.16634   0.15567   0.14575   0.13666   0.12843   0.12108
  0.28755   0.28659   0.28375   0.27910   0.27277   0.26492   0.25577   0.24555   0.23450   0.22287   0.21092   0.19889   0.18700   0.17545   0.16439   0.15397   0.14429   0.13540   0.12737   0.12018
  0.28095   0.28002   0.27727   0.27277   0.26664   0.25905   0.25019   0.24029   0.22960   0.21835   0.20678   0.19514   0.18363   0.17245   0.16175   0.15166   0.14229   0.13369   0.12591   0.11895
  0.27277   0.27188   0.26924   0.26492   0.25905   0.25177   0.24328   0.23379   0.22353   0.21274   0.20165   0.19049   0.17945   0.16873   0.15847   0.14880   0.13981   0.13157   0.12411   0.11744
  0.26322   0.26238   0.25987   0.25577   0.25019   0.24328   0.23521   0.22619   0.21645   0.20620   0.19567   0.18506   0.17458   0.16439   0.15465   0.14546   0.13692   0.12909   0.12200   0.11567
  0.25256   0.25177   0.24941   0.24555   0.24029   0.23379   0.22619   0.21771   0.20854   0.19889   0.18898   0.17900   0.16913   0.15955   0.15037   0.14173   0.13369   0.12632   0.11965   0.11369
  0.24103   0.24029   0.23809   0.23450   0.22960   0.22353   0.21645   0.20854   0.19999   0.19100   0.18175   0.17245   0.16325   0.15431   0.14575   0.13769   0.13020   0.12333   0.11711   0.11155
  0.22891   0.22823   0.22619   0.22287   0.21835   0.21274   0.20620   0.19889   0.19100   0.18269   0.17415   0.16555   0.15706   0.14880   0.14090   0.13345   0.12653   0.12018   0.11444   0.10930
  0.21645   0.21582   0.21397   0.21092   0.20678   0.20165   0.19567   0.18898   0.18175   0.17415   0.16634   0.15847   0.15069   0.14313   0.13590   0.12909   0.12275   0.11695   0.11169   0.10699
  0.20391   0.20334   0.20165   0.19889   0.19514   0.19049   0.18506   0.17900   0.17245   0.16555   0.15847   0.15134   0.14429   0.13743   0.13088   0.12470   0.11895   0.11369   0.10892   0.10466
  0.19151   0.19100   0.18948   0.18700   0.18363   0.17945   0.17458   0.16913   0.16325   0.15706   0.15069   0.14429   0.13795   0.13180   0.12591   0.12036   0.11520   0.11047   0.10619   0.10236
  0.17945   0.17900   0.17765   0.17545   0.17245   0.16873   0.16439   0.15955   0.15431   0.14880   0.14313   0.13743   0.13180   0.12632   0.12108   0.11614   0.11155   0.10734   0.10353   0.10012
  0.16792   0.16752   0.16634   0.16439   0.16175   0.15847   0.15465   0.15037   0.14575   0.14090   0.13590   0.13088   0.12591   0.12108   0.11646   0.11211   0.10806   0.10435   0.10099   0.09799
  0.15706   0.15671   0.15567   0.15397   0.15166   0.14880   0.14546   0.14173   0.13769   0.13345   0.12909   0.12470   0.12036   0.11614   0.11211   0.10830   0.10477   0.10153   0.09859   0.09597
  0.14695   0.14665   0.14575   0.14429   0.14229   0.13981   0.13692   0.13369   0.13020   0.12653   0.12275   0.11895   0.11520   0.11155   0.10806   0.10477   0.10171   0.09890   0.09636   0.09410
  0.13769   0.13743   0.13666   0.13540   0.13369   0.13157   0.12909   0.12632   0.12333   0.12018   0.11695   0.11369   0.11047   0.10734   0.10435   0.10153   0.09890   0.09650   0.09432   0.09238
  0.12931   0.12909   0.12843   0.12737   0.12591   0.12411   0.12200   0.11965   0.11711   0.11444   0.11169   0.10892   0.10619   0.10353   0.10099   0.09859   0.09636   0.09432   0.09247   0.09082
  0.12182   0.12163   0.12108   0.12018   0.11895   0.11744   0.11567   0.11369   0.11155   0.10930   0.10699   0.10466   0.10236   0.10012   0.09799   0.09597   0.09410   0.09238   0.09082   0.08943
