  0.04088   0.04083   0.04070   0.04048   0.04016   0.03976   0.03926   0.03868   0.03801   0.03725   0.03639   0.03545   0.03442   0.03330   0.03209   0.03079   0.02940   0.02792   0.02635   0.02469
  0.04083   0.04079   0.04065   0.04043   0.04012   0.03971   0.03922   0.03864   0.03796   0.03720   0.03635   0.03541   0.03438   0.03325   0.03204   0.03074   0.02935   0.02787   0.02630   0.02465
  0.04070   0.04065   0.04052   0.04030   0.03998   0.03958   0.03909   0.03850   0.03783   0.03707   0.03621   0.03527   0.03424   0.03312   0.03191   0.03061   0.02922   0.02774   0.02617   0.02451
  0.04048   0.04043   0.04030   0.04007   0.03976   0.03935   0.03886   0.03828   0.03760   0.03684   0.03599   0.03505   0.03402   0.03290   0.03169   0.03038   0.02899   0.02752   0.02595   0.02429
  0.04016   0.04012   0.03998   0.03976   0.03944   0.03904   0.03855   0.03796   0.03729   0.03653   0.03568   0.03473   0.03370   0.03258   0.03137   0.03007   0.02868   0.02720   0.02563   0.02397
  0.03976   0.03971   0.03958   0.03935   0.03904   0.03864   0.03814   0.03756   0.03689   0.03612   0.03527   0.03433   0.03330   0.03218   0.03097   0.02967   0.02828   0.02680   0.02523   0.02357
  0.03926   0.03922   0.03909   0.03886   0.03855   0.03814   0.03765   0.03707   0.03639   0.03563   0.03478   0.03384   0.03281   0.03169   0.03047   0.02917   0.02778   0.02630   0.02474   0.02308
  0.03868   0.03864   0.03850   0.03828   0.03796   0.03756   0.03707   0.03648   0.03581   0.03505   0.03420   0.03325   0.03222   0.03110   0.02989   0.02859   0.02720   0.02572   0.02415   0.02249
  0.03801   0.03796   0.03783   0.03760   0.03729   0.03689   0.03639   0.03581   0.03514   0.03438   0.03352   0.03258   0.03155   0.03043   0.02922   0.02792   0.02653   0.02505   0.02348   0.02182
  0.03725   0.03720   0.03707   0.03684   0.03653   0.03612   0.03563   0.03505   0.03438   0.03361   0.03276   0.03182   0.03079   0.02967   0.02846   0.02716   0.02577   0.02429   0.02272   0.02106
  0.03639   0.03635   0.03621   0.03599   0.03568   0.03527   0.03478   0.03420   0.03352   0.03276   0.03191   0.03097   0.02994   0.02882   0.02760   0.02630   0.02491   0.02344   0.02187   0.02021
  0.03545   0.03541   0.03527   0.03505   0.03473   0.03433   0.03384   0.03325   0.03258   0.03182   0.03097   0.03003   0.02899   0.02787   0.02666   0.02536   0.02397   0.02249   0.02092   0.01927
  0.03442   0.03438   0.03424   0.03402   0.03370   0.03330   0.03281   0.03222   0.03155   0.03079   0.02994   0.02899   0.02796   0.02684   0.02563   0.02433   0.02294   0.02146   0.01989   0.01824
  0.03330   0.03325   0.03312   0.03290   0.03258   0.03218   0.03169   0.03110   0.03043   0.02967   0.02882   0.02787   0.02684   0.02572   0.02451   0.02321   0.02182   0.02034   0.01877   0.01712
  0.03209   0.03204   0.03191   0.03169   0.03137   0.03097   0.03047   0.02989   0.02922   0.02846   0.02760   0.02666   0.02563   0.02451   0.02330   0.02200   0.02061   0.01913   0.01756   0.01590
  0.03079   0.03074   0.03061   0.03038   0.03007   0.02967   0.02917   0.02859   0.02792   0.02716   0.02630   0.02536   0.02433   0.02321   0.02200   0.02070   0.01931   0.01783   0.01626   0.01461
  0.02940   0.02935   0.02922   0.02899   0.02868   0.02828   0.02778   0.02720   0.02653   0.02577   0.02491   0.02397   0.02294   0.02182   0.02061   0.01931   0.01792   0.01644   0.01487   0.01322
  0.02792   0.02787   0.02774   0.02752   0.02720   0.02680   0.02630   0.02572   0.02505   0.02429   0.02344   0.02249   0.02146   0.02034   0.01913   0.01783   0.01644   0.01496   0.01340   0.01174
  0.02635   0.02630   0.02617   0.02595   0.02563   0.02523   0.02474   0.02415   0.02348   0.02272   0.02187   0.02092   0.01989   0.01877   0.01756   0.01626   0.01487   0.01340   0.01183   0.01017
  0.02469   0.02465   0.02451   0.02429   0.02397   0.02357   0.02308   0.02249   0.02182   0.02106   0.02021   0.01927   0.01824   0.01712   0.01590   0.01461   0.01322   0.01174   0.01017   0.00851
