  0.06366   0.06359   0.06340   0.06306   0.06260   0.06200   0.06127   0.06041   0.05942   0.05829   0.05703   0.05564   0.05412   0.05246   0.05067   0.04875   0.04670   0.04451   0.04219   0.03974
  0.06359   0.06353   0.06333   0.06300   0.06253   0.06194   0.06121   0.06035   0.05935   0.05823   0.05697   0.05557   0.05405   0.05239   0.05061   0.04868   0.04663   0.04445   0.04213   0.03968
  0.06340   0.06333   0.06313   0.06280   0.06233   0.06174   0.06101   0.06015   0.05915   0.05803   0.05677   0.05538   0.05385   0.05220   0.05041   0.04849   0.04643   0.04425   0.04193   0.03948
  0.06306   0.06300   0.06280   0.06247   0.06200   0.06141   0.06068   0.05982   0.05882   0.05770   0.05644   0.05504   0.05352   0.05186   0.05008   0.04815   0.04610   0.04392   0.04160   0.03915
  0.06260   0.06253   0.06233   0.06200   0.06154   0.06094   0.06021   0.05935   0.05836   0.05723   0.05597   0.05458   0.05306   0.05140   0.04961   0.04769   0.04564   0.04345   0.04113   0.03868
  0.06200   0.06194   0.06174   0.06141   0.06094   0.06035   0.05962   0.05876   0.05776   0.05663   0.05538   0.05398   0.05246   0.05080   0.04902   0.04709   0.04504   0.04286   0.04054   0.03809
  0.06127   0.06121   0.06101   0.06068   0.06021   0.05962   0.05889   0.05803   0.05703   0.05591   0.05465   0.05326   0.05173   0.05008   0.04829   0.04637   0.04431   0.04213   0.03981   0.03736
  0.06041   0.06035   0.06015   0.05982   0.05935   0.05876   0.05803   0.05716   0.05617   0.05504   0.05379   0.05239   0.05087   0.04921   0.04743   0.04550   0.04345   0.04127   0.03895   0.03650
  0.05942   0.05935   0.05915   0.05882   0.05836   0.05776   0.05703   0.05617   0.05518   0.05405   0.05279   0.05140   0.04988   0.04822   0.04643   0.04451   0.04246   0.04027   0.03796   0.03551
  0.05829   0.05823   0.05803   0.05770   0.05723   0.05663   0.05591   0.05504   0.05405   0.05292   0.05167   0.05027   0.04875   0.04709   0.04531   0.04339   0.04133   0.03915   0.03683   0.03438
  0.05703   0.05697   0.05677   0.05644   0.05597   0.05538   0.05465   0.05379   0.05279   0.05167   0.05041   0.04902   0.04749   0.04584   0.04405   0.04213   0.04007   0.03789   0.03557   0.03312
  0.05564   0.05557   0.05538   0.05504   0.05458   0.05398   0.05326   0.05239   0.05140   0.05027   0.04902   0.04762   0.04610   0.04445   0.04266   0.04074   0.03868   0.03650   0.03418   0.03173
  0.05412   0.05405   0.05385   0.05352   0.05306   0.05246   0.05173   0.05087   0.04988   0.04875   0.04749   0.04610   0.04458   0.04292   0.04113   0.03921   0.03716   0.03498   0.03266   0.03021
  0.05246   0.05239   0.05220   0.05186   0.05140   0.05080   0.05008   0.04921   0.04822   0.04709   0.04584   0.04445   0.04292   0.04127   0.03948   0.03756   0.03551   0.03332   0.03101   0.02856
  0.05067   0.05061   0.05041   0.05008   0.04961   0.04902   0.04829   0.04743   0.04643   0.04531   0.04405   0.04266   0.04113   0.03948   0.03769   0.03577   0.03372   0.03154   0.02922   0.02677
  0.04875   0.04868   0.04849   0.04815   0.04769   0.04709   0.04637   0.04550   0.04451   0.04339   0.04213   0.04074   0.03921   0.03756   0.03577   0.03385   0.03180   0.02962   0.02730   0.02485
  0.04670   0.04663   0.04643   0.04610   0.04564   0.04504   0.04431   0.04345   0.04246   0.04133   0.04007   0.03868   0.03716   0.03551   0.03372   0.03180   0.02975   0.02756   0.02525   0.02280
  0.04451   0.04445   0.04425   0.04392   0.04345   0.04286   0.04213   0.04127   0.04027   0.03915   0.03789   0.03650   0.03498   0.03332   0.03154   0.02962   0.02756   0.02538   0.02307   0.02062
  0.04219   0.04213   0.04193   0.04160   0.04113   0.04054   0.03981   0.03895   0.03796   0.03683   0.03557   0.03418   0.03266   0.03101   0.02922   0.02730   0.02525   0.02307   0.02075   0.01830
  0.03974   0.03968   0.03948   0.03915   0.03868   0.03809   0.03736   0.03650   0.03551   0.03438   0.03312   0.03173   0.03021   0.02856   0.02677   0.02485   0.02280   0.02062   0.01830   0.01586
