  0.01441   0.01440   0.01435   0.01428   0.01418   0.01405   0.01389   0.01371   0.01349   0.01325   0.01297   0.01267   0.01234   0.01198   0.01159   0.01118   0.01073   0.01026   0.00975   0.00922
  0.01440   0.01438   0.01434   0.01427   0.01417   0.01404   0.01388   0.01369   0.01348   0.01323   0.01296   0.01266   0.01233   0.01197   0.01158   0.01116   0.01072   0.01024   0.00974   0.00921
  0.01435   0.01434   0.01430   0.01423   0.01412   0.01400   0.01384   0.01365   0.01343   0.01319   0.01292   0.01261   0.01228   0.01192   0.01154   0.01112   0.01067   0.01020   0.00970   0.00916
  0.01428   0.01427   0.01423   0.01415   0.01405   0.01392   0.01377   0.01358   0.01336   0.01312   0.01284   0.01254   0.01221   0.01185   0.01146   0.01105   0.01060   0.01013   0.00962   0.00909
  0.01418   0.01417   0.01412   0.01405   0.01395   0.01382   0.01366   0.01348   0.01326   0.01302   0.01274   0.01244   0.01211   0.01175   0.01136   0.01095   0.01050   0.01003   0.00952   0.00899
  0.01405   0.01404   0.01400   0.01392   0.01382   0.01369   0.01353   0.01335   0.01313   0.01289   0.01261   0.01231   0.01198   0.01162   0.01123   0.01082   0.01037   0.00990   0.00939   0.00886
  0.01389   0.01388   0.01384   0.01377   0.01366   0.01353   0.01338   0.01319   0.01297   0.01273   0.01246   0.01215   0.01182   0.01146   0.01108   0.01066   0.01021   0.00974   0.00924   0.00870
  0.01371   0.01369   0.01365   0.01358   0.01348   0.01335   0.01319   0.01300   0.01279   0.01254   0.01227   0.01197   0.01164   0.01128   0.01089   0.01047   0.01003   0.00955   0.00905   0.00852
  0.01349   0.01348   0.01343   0.01336   0.01326   0.01313   0.01297   0.01279   0.01257   0.01233   0.01205   0.01175   0.01142   0.01106   0.01067   0.01026   0.00981   0.00934   0.00883   0.00830
  0.01325   0.01323   0.01319   0.01312   0.01302   0.01289   0.01273   0.01254   0.01233   0.01208   0.01181   0.01151   0.01118   0.01082   0.01043   0.01001   0.00957   0.00909   0.00859   0.00806
  0.01297   0.01296   0.01292   0.01284   0.01274   0.01261   0.01246   0.01227   0.01205   0.01181   0.01154   0.01123   0.01090   0.01054   0.01016   0.00974   0.00929   0.00882   0.00832   0.00778
  0.01267   0.01266   0.01261   0.01254   0.01244   0.01231   0.01215   0.01197   0.01175   0.01151   0.01123   0.01093   0.01060   0.01024   0.00985   0.00944   0.00899   0.00852   0.00801   0.00748
  0.01234   0.01233   0.01228   0.01221   0.01211   0.01198   0.01182   0.01164   0.01142   0.01118   0.01090   0.01060   0.01027   0.00991   0.00952   0.00911   0.00866   0.00819   0.00768   0.00715
  0.01198   0.01197   0.01192   0.01185   0.01175   0.01162   0.01146   0.01128   0.01106   0.01082   0.01054   0.01024   0.00991   0.00955   0.00916   0.00875   0.00830   0.00783   0.00732   0.00679
  0.01159   0.01158   0.01154   0.01146   0.01136   0.01123   0.01108   0.01089   0.01067   0.01043   0.01016   0.00985   0.00952   0.00916   0.00878   0.00836   0.00791   0.00744   0.00694   0.00640
  0.01118   0.01116   0.01112   0.01105   0.01095   0.01082   0.01066   0.01047   0.01026   0.01001   0.00974   0.00944   0.00911   0.00875   0.00836   0.00794   0.00750   0.00702   0.00652   0.00599
  0.01073   0.01072   0.01067   0.01060   0.01050   0.01037   0.01021   0.01003   0.00981   0.00957   0.00929   0.00899   0.00866   0.00830   0.00791   0.00750   0.00705   0.00658   0.00607   0.00554
  0.01026   0.01024   0.01020   0.01013   0.01003   0.00990   0.00974   0.00955   0.00934   0.00909   0.00882   0.00852   0.00819   0.00783   0.00744   0.00702   0.00658   0.00610   0.00560   0.00507
  0.00975   0.00974   0.00970   0.00962   0.00952   0.00939   0.00924   0.00905   0.00883   0.00859   0.00832   0.00801   0.00768   0.00732   0.00694   0.00652   0.00607   0.00560   0.00510   0.00456
  0.00922   0.00921   0.00916   0.00909   0.00899   0.00886   0.00870   0.00852   0.00830   0.00806   0.00778   0.00748   0.00715   0.00679   0.00640   0.00599   0.00554   0.00507   0.00456   0.00403
