  0.01313   0.01312   0.01307   0.01298   0.01287   0.01272   0.01254   0.01233   0.01208   0.01180   0.01149   0.01115   0.01077   0.01036   0.00991   0.00944   0.00893   0.00839   0.00781   0.00721
  0.01312   0.01310   0.01305   0.01297   0.01285   0.01271   0.01252   0.01231   0.01207   0.01179   0.01147   0.01113   0.01075   0.01034   0.00990   0.00942   0.00891   0.00837   0.00780   0.00719
  0.01307   0.01305   0.01300   0.01292   0.01280   0.01266   0.01248   0.01226   0.01202   0.01174   0.01142   0.01108   0.01070   0.01029   0.00985   0.00937   0.00886   0.00832   0.00775   0.00714
  0.01298   0.01297   0.01292   0.01284   0.01272   0.01257   0.01239   0.01218   0.01193   0.01165   0.01134   0.01100   0.01062   0.01021   0.00977   0.00929   0.00878   0.00824   0.00767   0.00706
  0.01287   0.01285   0.01280   0.01272   0.01261   0.01246   0.01228   0.01207   0.01182   0.01154   0.01123   0.01088   0.01051   0.01010   0.00965   0.00918   0.00867   0.00813   0.00755   0.00694
  0.01272   0.01271   0.01266   0.01257   0.01246   0.01231   0.01213   0.01192   0.01167   0.01139   0.01108   0.01074   0.01036   0.00995   0.00950   0.00903   0.00852   0.00798   0.00740   0.00680
  0.01254   0.01252   0.01248   0.01239   0.01228   0.01213   0.01195   0.01174   0.01149   0.01121   0.01090   0.01055   0.01018   0.00977   0.00932   0.00885   0.00834   0.00780   0.00722   0.00662
  0.01233   0.01231   0.01226   0.01218   0.01207   0.01192   0.01174   0.01152   0.01128   0.01100   0.01069   0.01034   0.00996   0.00955   0.00911   0.00863   0.00813   0.00758   0.00701   0.00640
  0.01208   0.01207   0.01202   0.01193   0.01182   0.01167   0.01149   0.01128   0.01103   0.01075   0.01044   0.01010   0.00972   0.00931   0.00886   0.00839   0.00788   0.00734   0.00676   0.00616
  0.01180   0.01179   0.01174   0.01165   0.01154   0.01139   0.01121   0.01100   0.01075   0.01047   0.01016   0.00982   0.00944   0.00903   0.00859   0.00811   0.00760   0.00706   0.00648   0.00588
  0.01149   0.01147   0.01142   0.01134   0.01123   0.01108   0.01090   0.01069   0.01044   0.01016   0.00985   0.00950   0.00913   0.00872   0.00827   0.00780   0.00729   0.00675   0.00617   0.00557
  0.01115   0.01113   0.01108   0.01100   0.01088   0.01074   0.01055   0.01034   0.01010   0.00982   0.00950   0.00916   0.00878   0.00837   0.00793   0.00745   0.00694   0.00640   0.00583   0.00522
  0.01077   0.01075   0.01070   0.01062   0.01051   0.01036   0.01018   0.00996   0.00972   0.00944   0.00913   0.00878   0.00840   0.00799   0.00755   0.00708   0.00657   0.00602   0.00545   0.00484
  0.01036   0.01034   0.01029   0.01021   0.01010   0.00995   0.00977   0.00955   0.00931   0.00903   0.00872   0.00837   0.00799   0.00758   0.00714   0.00666   0.00616   0.00561   0.00504   0.00443
  0.00991   0.00990   0.00985   0.00977   0.00965   0.00950   0.00932   0.00911   0.00886   0.00859   0.00827   0.00793   0.00755   0.00714   0.00670   0.00622   0.00571   0.00517   0.00460   0.00399
  0.00944   0.00942   0.00937   0.00929   0.00918   0.00903   0.00885   0.00863   0.00839   0.00811   0.00780   0.00745   0.00708   0.00666   0.00622   0.00575   0.00524   0.00470   0.00412   0.00351
  0.00893   0.00891   0.00886   0.00878   0.00867   0.00852   0.00834   0.00813   0.00788   0.00760   0.00729   0.00694   0.00657   0.00616   0.00571   0.00524   0.00473   0.00419   0.00361   0.00301
  0.00839   0.00837   0.00832   0.00824   0.00813   0.00798   0.00780   0.00758   0.00734   0.00706   0.00675   0.00640   0.00602   0.00561   0.00517   0.00470   0.00419   0.00365   0.00307   0.00246
  0.00781   0.00780   0.00775   0.00767   0.00755   0.00740   0.00722   0.00701   0.00676   0.00648   0.00617   0.00583   0.00545   0.00504   0.00460   0.00412   0.00361   0.00307   0.00250   0.00189
  0.00721   0.00719   0.00714   0.00706   0.00694   0.00680   0.00662   0.00640   0.00616   0.00588   0.00557   0.00522   0.00484   0.00443   0.00399   0.00351   0.00301   0.00246   0.00189   0.00128
