  0.06366   0.06359   0.06340   0.06306   0.06260   0.06200   0.06128   0.06041   0.05942   0.05829   0.05703   0.05564   0.05412   0.05246   0.05068   0.04876   0.04670   0.04452   0.04220   0.03975
  0.06359   0.06353   0.06333   0.06300   0.06253   0.06194   0.06121   0.06035   0.05935   0.05823   0.05697   0.05558   0.05405   0.05240   0.05061   0.04869   0.04664   0.04445   0.04214   0.03969
  0.06340   0.06333   0.06313   0.06280   0.06234   0.06174   0.06101   0.06015   0.05915   0.05803   0.05677   0.05538   0.05386   0.05220   0.05041   0.04849   0.04644   0.04425   0.04194   0.03949
  0.06306   0.06300   0.06280   0.06247   0.06200   0.06141   0.06068   0.05982   0.05882   0.05770   0.05644   0.05505   0.05352   0.05187   0.05008   0.04816   0.04611   0.04392   0.04161   0.03916
  0.06260   0.06253   0.06234   0.06200   0.06154   0.06094   0.06022   0.05935   0.05836   0.05723   0.05597   0.05458   0.05306   0.05140   0.04962   0.04770   0.04564   0.04346   0.04114   0.03869
  0.06200   0.06194   0.06174   0.06141   0.06094   0.06035   0.05962   0.05876   0.05776   0.05664   0.05538   0.05399   0.05246   0.05081   0.04902   0.04710   0.04505   0.04286   0.04055   0.03810
  0.06128   0.06121   0.06101   0.06068   0.06022   0.05962   0.05889   0.05803   0.05703   0.05591   0.05465   0.05326   0.05174   0.05008   0.04829   0.04637   0.04432   0.04214   0.03982   0.03737
  0.06041   0.06035   0.06015   0.05982   0.05935   0.05876   0.05803   0.05717   0.05617   0.05505   0.05379   0.05240   0.05087   0.04922   0.04743   0.04551   0.04346   0.04127   0.03896   0.03651
  0.05942   0.05935   0.05915   0.05882   0.05836   0.05776   0.05703   0.05617   0.05518   0.05405   0.05280   0.05140   0.04988   0.04823   0.04644   0.04452   0.04247   0.04028   0.03797   0.03552
  0.05829   0.05823   0.05803   0.05770   0.05723   0.05664   0.05591   0.05505   0.05405   0.05293   0.05167   0.05028   0.04876   0.04710   0.04531   0.04339   0.04134   0.03916   0.03684   0.03439
  0.05703   0.05697   0.05677   0.05644   0.05597   0.05538   0.05465   0.05379   0.05280   0.05167   0.05041   0.04902   0.04750   0.04584   0.04406   0.04214   0.04008   0.03790   0.03558   0.03314
  0.05564   0.05558   0.05538   0.05505   0.05458   0.05399   0.05326   0.05240   0.05140   0.05028   0.04902   0.04763   0.04611   0.04445   0.04266   0.04075   0.03869   0.03651   0.03419   0.03175
  0.05412   0.05405   0.05386   0.05352   0.05306   0.05246   0.05174   0.05087   0.04988   0.04876   0.04750   0.04611   0.04458   0.04293   0.04114   0.03922   0.03717   0.03499   0.03267   0.03022
  0.05246   0.05240   0.05220   0.05187   0.05140   0.05081   0.05008   0.04922   0.04823   0.04710   0.04584   0.04445   0.04293   0.04127   0.03949   0.03757   0.03552   0.03333   0.03102   0.02857
  0.05068   0.05061   0.05041   0.05008   0.04962   0.04902   0.04829   0.04743   0.04644   0.04531   0.04406   0.04266   0.04114   0.03949   0.03770   0.03578   0.03373   0.03155   0.02923   0.02678
  0.04876   0.04869   0.04849   0.04816   0.04770   0.04710   0.04637   0.04551   0.04452   0.04339   0.04214   0.04075   0.03922   0.03757   0.03578   0.03386   0.03181   0.02963   0.02731   0.02487
  0.04670   0.04664   0.04644   0.04611   0.04564   0.04505   0.04432   0.04346   0.04247   0.04134   0.04008   0.03869   0.03717   0.03552   0.03373   0.03181   0.02976   0.02758   0.02526   0.02282
  0.04452   0.04445   0.04425   0.04392   0.04346   0.04286   0.04214   0.04127   0.04028   0.03916   0.03790   0.03651   0.03499   0.03333   0.03155   0.02963   0.02758   0.02540   0.02308   0.02064
  0.04220   0.04214   0.04194   0.04161   0.04114   0.04055   0.03982   0.03896   0.03797   0.03684   0.03558   0.03419   0.03267   0.03102   0.02923   0.02731   0.02526   0.02308   0.02077   0.01832
  0.03975   0.03969   0.03949   0.03916   0.03869   0.03810   0.03737   0.03651   0.03552   0.03439   0.03314   0.03175   0.03022   0.02857   0.02678   0.02487   0.02282   0.02064   0.01832   0.01588
