  0.04934   0.04928   0.04910   0.04881   0.04839   0.04786   0.04720   0.04644   0.04556   0.04457   0.04347   0.04226   0.04094   0.03952   0.03800   0.03639   0.03467   0.03287   0.03098   0.02901
  0.04928   0.04922   0.04904   0.04875   0.04833   0.04780   0.04715   0.04638   0.04550   0.04451   0.04341   0.04220   0.04088   0.03946   0.03795   0.03633   0.03462   0.03282   0.03093   0.02895
  0.04910   0.04904   0.04887   0.04857   0.04815   0.04762   0.04697   0.04620   0.04532   0.04433   0.04323   0.04203   0.04071   0.03930   0.03778   0.03616   0.03445   0.03265   0.03077   0.02880
  0.04881   0.04875   0.04857   0.04827   0.04786   0.04732   0.04667   0.04591   0.04503   0.04404   0.04295   0.04174   0.04043   0.03901   0.03750   0.03589   0.03418   0.03238   0.03050   0.02853
  0.04839   0.04833   0.04815   0.04786   0.04744   0.04691   0.04626   0.04550   0.04463   0.04364   0.04254   0.04134   0.04003   0.03862   0.03711   0.03550   0.03380   0.03201   0.03013   0.02816
  0.04786   0.04780   0.04762   0.04732   0.04691   0.04638   0.04573   0.04497   0.04410   0.04312   0.04203   0.04083   0.03952   0.03811   0.03661   0.03500   0.03331   0.03152   0.02965   0.02769
  0.04720   0.04715   0.04697   0.04667   0.04626   0.04573   0.04509   0.04433   0.04347   0.04248   0.04140   0.04020   0.03890   0.03750   0.03600   0.03440   0.03271   0.03093   0.02906   0.02711
  0.04644   0.04638   0.04620   0.04591   0.04550   0.04497   0.04433   0.04358   0.04272   0.04174   0.04065   0.03946   0.03817   0.03677   0.03528   0.03369   0.03201   0.03023   0.02837   0.02643
  0.04556   0.04550   0.04532   0.04503   0.04463   0.04410   0.04347   0.04272   0.04185   0.04088   0.03980   0.03862   0.03733   0.03594   0.03445   0.03287   0.03120   0.02943   0.02758   0.02565
  0.04457   0.04451   0.04433   0.04404   0.04364   0.04312   0.04248   0.04174   0.04088   0.03992   0.03884   0.03767   0.03639   0.03500   0.03353   0.03195   0.03029   0.02853   0.02669   0.02477
  0.04347   0.04341   0.04323   0.04295   0.04254   0.04203   0.04140   0.04065   0.03980   0.03884   0.03778   0.03661   0.03533   0.03396   0.03249   0.03093   0.02927   0.02753   0.02570   0.02379
  0.04226   0.04220   0.04203   0.04174   0.04134   0.04083   0.04020   0.03946   0.03862   0.03767   0.03661   0.03544   0.03418   0.03282   0.03136   0.02980   0.02816   0.02643   0.02461   0.02272
  0.04094   0.04088   0.04071   0.04043   0.04003   0.03952   0.03890   0.03817   0.03733   0.03639   0.03533   0.03418   0.03293   0.03157   0.03013   0.02858   0.02695   0.02523   0.02343   0.02155
  0.03952   0.03946   0.03930   0.03901   0.03862   0.03811   0.03750   0.03677   0.03594   0.03500   0.03396   0.03282   0.03157   0.03023   0.02880   0.02727   0.02565   0.02394   0.02216   0.02029
  0.03800   0.03795   0.03778   0.03750   0.03711   0.03661   0.03600   0.03528   0.03445   0.03353   0.03249   0.03136   0.03013   0.02880   0.02737   0.02586   0.02425   0.02256   0.02079   0.01894
  0.03639   0.03633   0.03616   0.03589   0.03550   0.03500   0.03440   0.03369   0.03287   0.03195   0.03093   0.02980   0.02858   0.02727   0.02586   0.02436   0.02277   0.02109   0.01934   0.01751
  0.03467   0.03462   0.03445   0.03418   0.03380   0.03331   0.03271   0.03201   0.03120   0.03029   0.02927   0.02816   0.02695   0.02565   0.02425   0.02277   0.02119   0.01954   0.01780   0.01599
  0.03287   0.03282   0.03265   0.03238   0.03201   0.03152   0.03093   0.03023   0.02943   0.02853   0.02753   0.02643   0.02523   0.02394   0.02256   0.02109   0.01954   0.01790   0.01618   0.01439
  0.03098   0.03093   0.03077   0.03050   0.03013   0.02965   0.02906   0.02837   0.02758   0.02669   0.02570   0.02461   0.02343   0.02216   0.02079   0.01934   0.01780   0.01618   0.01448   0.01271
  0.02901   0.02895   0.02880   0.02853   0.02816   0.02769   0.02711   0.02643   0.02565   0.02477   0.02379   0.02272   0.02155   0.02029   0.01894   0.01751   0.01599   0.01439   0.01271   0.01096
