  0.06354   0.06346   0.06321   0.06280   0.06222   0.06149   0.06060   0.05956   0.05838   0.05705   0.05560   0.05403   0.05234   0.05054   0.04865   0.04667   0.04461   0.04248   0.04030   0.03807
  0.06346   0.06338   0.06313   0.06272   0.06214   0.06141   0.06052   0.05948   0.05830   0.05698   0.05553   0.05395   0.05226   0.05047   0.04858   0.04660   0.04454   0.04242   0.04024   0.03801
  0.06321   0.06313   0.06288   0.06247   0.06190   0.06116   0.06028   0.05924   0.05806   0.05675   0.05530   0.05373   0.05205   0.05026   0.04837   0.04640   0.04435   0.04223   0.04006   0.03783
  0.06280   0.06272   0.06247   0.06206   0.06149   0.06076   0.05988   0.05885   0.05767   0.05636   0.05492   0.05336   0.05168   0.04990   0.04803   0.04606   0.04402   0.04192   0.03975   0.03754
  0.06222   0.06214   0.06190   0.06149   0.06092   0.06020   0.05932   0.05830   0.05713   0.05583   0.05440   0.05285   0.05118   0.04941   0.04755   0.04560   0.04357   0.04148   0.03933   0.03713
  0.06149   0.06141   0.06116   0.06076   0.06020   0.05948   0.05861   0.05760   0.05644   0.05515   0.05373   0.05219   0.05054   0.04879   0.04694   0.04500   0.04299   0.04092   0.03878   0.03660
  0.06060   0.06052   0.06028   0.05988   0.05932   0.05861   0.05775   0.05675   0.05560   0.05432   0.05292   0.05140   0.04976   0.04803   0.04620   0.04428   0.04229   0.04024   0.03813   0.03597
  0.05956   0.05948   0.05924   0.05885   0.05830   0.05760   0.05675   0.05575   0.05462   0.05336   0.05197   0.05047   0.04886   0.04714   0.04533   0.04344   0.04148   0.03945   0.03736   0.03523
  0.05838   0.05830   0.05806   0.05767   0.05713   0.05644   0.05560   0.05462   0.05351   0.05226   0.05090   0.04941   0.04782   0.04613   0.04435   0.04248   0.04055   0.03855   0.03649   0.03439
  0.05705   0.05698   0.05675   0.05636   0.05583   0.05515   0.05432   0.05336   0.05226   0.05104   0.04969   0.04823   0.04667   0.04500   0.04325   0.04141   0.03951   0.03754   0.03551   0.03345
  0.05560   0.05553   0.05530   0.05492   0.05440   0.05373   0.05292   0.05197   0.05090   0.04969   0.04837   0.04694   0.04540   0.04376   0.04204   0.04024   0.03837   0.03643   0.03444   0.03241
  0.05403   0.05395   0.05373   0.05336   0.05285   0.05219   0.05140   0.05047   0.04941   0.04823   0.04694   0.04553   0.04402   0.04242   0.04073   0.03896   0.03713   0.03523   0.03328   0.03129
  0.05234   0.05226   0.05205   0.05168   0.05118   0.05054   0.04976   0.04886   0.04782   0.04667   0.04540   0.04402   0.04255   0.04098   0.03933   0.03760   0.03580   0.03394   0.03204   0.03009
  0.05054   0.05047   0.05026   0.04990   0.04941   0.04879   0.04803   0.04714   0.04613   0.04500   0.04376   0.04242   0.04098   0.03945   0.03783   0.03614   0.03439   0.03257   0.03071   0.02881
  0.04865   0.04858   0.04837   0.04803   0.04755   0.04694   0.04620   0.04533   0.04435   0.04325   0.04204   0.04073   0.03933   0.03783   0.03626   0.03461   0.03290   0.03113   0.02932   0.02746
  0.04667   0.04660   0.04640   0.04606   0.04560   0.04500   0.04428   0.04344   0.04248   0.04141   0.04024   0.03896   0.03760   0.03614   0.03461   0.03301   0.03134   0.02962   0.02786   0.02605
  0.04461   0.04454   0.04435   0.04402   0.04357   0.04299   0.04229   0.04148   0.04055   0.03951   0.03837   0.03713   0.03580   0.03439   0.03290   0.03134   0.02973   0.02806   0.02634   0.02458
  0.04248   0.04242   0.04223   0.04192   0.04148   0.04092   0.04024   0.03945   0.03855   0.03754   0.03643   0.03523   0.03394   0.03257   0.03113   0.02962   0.02806   0.02644   0.02477   0.02307
  0.04030   0.04024   0.04006   0.03975   0.03933   0.03878   0.03813   0.03736   0.03649   0.03551   0.03444   0.03328   0.03204   0.03071   0.02932   0.02786   0.02634   0.02477   0.02316   0.02152
  0.03807   0.03801   0.03783   0.03754   0.03713   0.03660   0.03597   0.03523   0.03439   0.03345   0.03241   0.03129   0.03009   0.02881   0.02746   0.02605   0.02458   0.02307   0.02152   0.01993
