  0.03280   0.03281   0.03284   0.03290   0.03297   0.03307   0.03318   0.03331   0.03345   0.03361   0.03378   0.03396   0.03414   0.03433   0.03452   0.03472   0.03491   0.03510   0.03529   0.03547
  0.03281   0.03282   0.03285   0.03291   0.03298   0.03308   0.03319   0.03332   0.03346   0.03362   0.03379   0.03396   0.03415   0.03434   0.03453   0.03472   0.03492   0.03511   0.03529   0.03548
  0.03284   0.03285   0.03289   0.03294   0.03301   0.03311   0.03322   0.03335   0.03349   0.03364   0.03381   0.03399   0.03417   0.03436   0.03455   0.03474   0.03493   0.03512   0.03531   0.03549
  0.03290   0.03291   0.03294   0.03299   0.03307   0.03316   0.03327   0.03339   0.03354   0.03369   0.03385   0.03403   0.03421   0.03440   0.03458   0.03478   0.03496   0.03515   0.03533   0.03551
  0.03297   0.03298   0.03301   0.03307   0.03314   0.03323   0.03334   0.03346   0.03360   0.03375   0.03391   0.03408   0.03426   0.03445   0.03463   0.03482   0.03501   0.03519   0.03537   0.03555
  0.03307   0.03308   0.03311   0.03316   0.03323   0.03332   0.03342   0.03354   0.03368   0.03383   0.03399   0.03416   0.03433   0.03451   0.03469   0.03487   0.03506   0.03524   0.03541   0.03559
  0.03318   0.03319   0.03322   0.03327   0.03334   0.03342   0.03353   0.03364   0.03378   0.03392   0.03408   0.03424   0.03441   0.03458   0.03476   0.03494   0.03512   0.03529   0.03547   0.03563
  0.03331   0.03332   0.03335   0.03339   0.03346   0.03354   0.03364   0.03376   0.03389   0.03403   0.03418   0.03434   0.03450   0.03467   0.03484   0.03502   0.03519   0.03536   0.03553   0.03569
  0.03345   0.03346   0.03349   0.03354   0.03360   0.03368   0.03378   0.03389   0.03401   0.03415   0.03429   0.03445   0.03461   0.03477   0.03493   0.03510   0.03527   0.03543   0.03559   0.03575
  0.03361   0.03362   0.03364   0.03369   0.03375   0.03383   0.03392   0.03403   0.03415   0.03428   0.03442   0.03456   0.03472   0.03487   0.03503   0.03519   0.03536   0.03551   0.03567   0.03582
  0.03378   0.03379   0.03381   0.03385   0.03391   0.03399   0.03408   0.03418   0.03429   0.03442   0.03455   0.03469   0.03484   0.03499   0.03514   0.03529   0.03545   0.03560   0.03575   0.03589
  0.03396   0.03396   0.03399   0.03403   0.03408   0.03416   0.03424   0.03434   0.03445   0.03456   0.03469   0.03483   0.03496   0.03511   0.03525   0.03540   0.03555   0.03569   0.03583   0.03597
  0.03414   0.03415   0.03417   0.03421   0.03426   0.03433   0.03441   0.03450   0.03461   0.03472   0.03484   0.03496   0.03510   0.03523   0.03537   0.03551   0.03565   0.03578   0.03592   0.03605
  0.03433   0.03434   0.03436   0.03440   0.03445   0.03451   0.03458   0.03467   0.03477   0.03487   0.03499   0.03511   0.03523   0.03536   0.03549   0.03562   0.03575   0.03588   0.03601   0.03613
  0.03452   0.03453   0.03455   0.03458   0.03463   0.03469   0.03476   0.03484   0.03493   0.03503   0.03514   0.03525   0.03537   0.03549   0.03561   0.03573   0.03586   0.03598   0.03610   0.03621
  0.03472   0.03472   0.03474   0.03478   0.03482   0.03487   0.03494   0.03502   0.03510   0.03519   0.03529   0.03540   0.03551   0.03562   0.03573   0.03585   0.03596   0.03608   0.03619   0.03629
  0.03491   0.03492   0.03493   0.03496   0.03501   0.03506   0.03512   0.03519   0.03527   0.03536   0.03545   0.03555   0.03565   0.03575   0.03586   0.03596   0.03607   0.03617   0.03628   0.03638
  0.03510   0.03511   0.03512   0.03515   0.03519   0.03524   0.03529   0.03536   0.03543   0.03551   0.03560   0.03569   0.03578   0.03588   0.03598   0.03608   0.03617   0.03627   0.03637   0.03646
  0.03529   0.03529   0.03531   0.03533   0.03537   0.03541   0.03547   0.03553   0.03559   0.03567   0.03575   0.03583   0.03592   0.03601   0.03610   0.03619   0.03628   0.03637   0.03645   0.03654
  0.03547   0.03548   0.03549   0.03551   0.03555   0.03559   0.03563   0.03569   0.03575   0.03582   0.03589   0.03597   0.03605   0.03613   0.03621   0.03629   0.03638   0.03646   0.03654   0.03662
