  0.39255   0.39104   0.38653   0.37914   0.36908   0.35661   0.34203   0.32572   0.30806   0.28943   0.27025   0.25087   0.23167   0.21294   0.19496   0.17794   0.16206   0.14744   0.13414   0.12219
  0.39104   0.38953   0.38504   0.37769   0.36767   0.35525   0.34075   0.32451   0.30692   0.28838   0.26928   0.25000   0.23088   0.21224   0.19433   0.17740   0.16159   0.14703   0.13379   0.12190
  0.38653   0.38504   0.38061   0.37335   0.36348   0.35122   0.33691   0.32089   0.30354   0.28526   0.26641   0.24739   0.22853   0.21014   0.19248   0.17577   0.16017   0.14581   0.13275   0.12102
  0.37914   0.37769   0.37335   0.36627   0.35661   0.34463   0.33064   0.31498   0.29802   0.28014   0.26172   0.24312   0.22468   0.20670   0.18944   0.17310   0.15786   0.14382   0.13105   0.11958
  0.36908   0.36767   0.36348   0.35661   0.34725   0.33565   0.32209   0.30692   0.29049   0.27317   0.25532   0.23730   0.21944   0.20202   0.18530   0.16947   0.15470   0.14110   0.12873   0.11761
  0.35661   0.35525   0.35122   0.34463   0.33565   0.32451   0.31149   0.29693   0.28115   0.26452   0.24739   0.23009   0.21294   0.19622   0.18016   0.16497   0.15079   0.13773   0.12585   0.11518
  0.34203   0.34075   0.33691   0.33064   0.32209   0.31149   0.29911   0.28526   0.27025   0.25442   0.23812   0.22167   0.20535   0.18944   0.17416   0.15971   0.14621   0.13379   0.12249   0.11234
  0.32572   0.32451   0.32089   0.31498   0.30692   0.29693   0.28526   0.27219   0.25804   0.24312   0.22775   0.21224   0.19685   0.18185   0.16745   0.15382   0.14110   0.12938   0.11873   0.10916
  0.30806   0.30692   0.30354   0.29802   0.29049   0.28115   0.27025   0.25804   0.24482   0.23088   0.21652   0.20202   0.18765   0.17363   0.16017   0.14744   0.13555   0.12461   0.11465   0.10571
  0.28943   0.28838   0.28526   0.28014   0.27317   0.26452   0.25442   0.24312   0.23088   0.21797   0.20468   0.19125   0.17794   0.16497   0.15251   0.14072   0.12971   0.11958   0.11036   0.10208
  0.27025   0.26928   0.26641   0.26172   0.25532   0.24739   0.23812   0.22775   0.21652   0.20468   0.19248   0.18016   0.16795   0.15604   0.14461   0.13379   0.12369   0.11439   0.10594   0.09834
  0.25087   0.25000   0.24739   0.24312   0.23730   0.23009   0.22167   0.21224   0.20202   0.19125   0.18016   0.16896   0.15786   0.14703   0.13663   0.12680   0.11761   0.10916   0.10147   0.09456
  0.23167   0.23088   0.22853   0.22468   0.21944   0.21294   0.20535   0.19685   0.18765   0.17794   0.16795   0.15786   0.14785   0.13809   0.12873   0.11986   0.11159   0.10397   0.09704   0.09082
  0.21294   0.21224   0.21014   0.20670   0.20202   0.19622   0.18944   0.18185   0.17363   0.16497   0.15604   0.14703   0.13809   0.12938   0.12102   0.11310   0.10571   0.09891   0.09272   0.08716
  0.19496   0.19433   0.19248   0.18944   0.18530   0.18016   0.17416   0.16745   0.16017   0.15251   0.14461   0.13663   0.12873   0.12102   0.11361   0.10661   0.10007   0.09405   0.08857   0.08366
  0.17794   0.17740   0.17577   0.17310   0.16947   0.16497   0.15971   0.15382   0.14744   0.14072   0.13379   0.12680   0.11986   0.11310   0.10661   0.10047   0.09473   0.08945   0.08465   0.08034
  0.16206   0.16159   0.16017   0.15786   0.15470   0.15079   0.14621   0.14110   0.13555   0.12971   0.12369   0.11761   0.11159   0.10571   0.10007   0.09473   0.08975   0.08516   0.08099   0.07724
  0.14744   0.14703   0.14581   0.14382   0.14110   0.13773   0.13379   0.12938   0.12461   0.11958   0.11439   0.10916   0.10397   0.09891   0.09405   0.08945   0.08516   0.08121   0.07762   0.07439
  0.13414   0.13379   0.13275   0.13105   0.12873   0.12585   0.12249   0.11873   0.11465   0.11036   0.10594   0.10147   0.09704   0.09272   0.08857   0.08465   0.08099   0.07762   0.07455   0.07180
  0.12219   0.12190   0.12102   0.11958   0.11761   0.11518   0.11234   0.10916   0.10571   0.10208   0.09834   0.09456   0.09082   0.08716   0.08366   0.08034   0.07724   0.07439   0.07180   0.06947
