  0.03607   0.03603   0.03593   0.03576   0.03553   0.03523   0.03487   0.03445   0.03397   0.03344   0.03287   0.03225   0.03159   0.03089   0.03016   0.02941   0.02864   0.02785   0.02705   0.02624
  0.03603   0.03600   0.03590   0.03573   0.03549   0.03519   0.03483   0.03441   0.03394   0.03341   0.03284   0.03222   0.03156   0.03086   0.03014   0.02939   0.02861   0.02782   0.02702   0.02621
  0.03593   0.03590   0.03579   0.03563   0.03539   0.03510   0.03474   0.03432   0.03385   0.03332   0.03275   0.03213   0.03147   0.03078   0.03006   0.02931   0.02854   0.02775   0.02696   0.02615
  0.03576   0.03573   0.03563   0.03546   0.03523   0.03493   0.03458   0.03416   0.03369   0.03317   0.03260   0.03199   0.03133   0.03065   0.02993   0.02918   0.02842   0.02764   0.02684   0.02604
  0.03553   0.03549   0.03539   0.03523   0.03500   0.03470   0.03435   0.03394   0.03347   0.03296   0.03239   0.03179   0.03114   0.03046   0.02975   0.02901   0.02825   0.02748   0.02669   0.02590
  0.03523   0.03519   0.03510   0.03493   0.03470   0.03441   0.03407   0.03366   0.03320   0.03269   0.03213   0.03153   0.03089   0.03022   0.02951   0.02879   0.02804   0.02727   0.02649   0.02571
  0.03487   0.03483   0.03474   0.03458   0.03435   0.03407   0.03372   0.03332   0.03287   0.03236   0.03181   0.03122   0.03059   0.02993   0.02923   0.02852   0.02778   0.02702   0.02626   0.02548
  0.03445   0.03441   0.03432   0.03416   0.03394   0.03366   0.03332   0.03293   0.03248   0.03199   0.03145   0.03086   0.03024   0.02959   0.02891   0.02820   0.02748   0.02673   0.02598   0.02522
  0.03397   0.03394   0.03385   0.03369   0.03347   0.03320   0.03287   0.03248   0.03204   0.03156   0.03103   0.03046   0.02985   0.02921   0.02854   0.02785   0.02713   0.02641   0.02567   0.02492
  0.03344   0.03341   0.03332   0.03317   0.03296   0.03269   0.03236   0.03199   0.03156   0.03108   0.03057   0.03001   0.02941   0.02879   0.02813   0.02745   0.02676   0.02604   0.02532   0.02459
  0.03287   0.03284   0.03275   0.03260   0.03239   0.03213   0.03181   0.03145   0.03103   0.03057   0.03006   0.02951   0.02893   0.02832   0.02768   0.02702   0.02634   0.02565   0.02494   0.02423
  0.03225   0.03222   0.03213   0.03199   0.03179   0.03153   0.03122   0.03086   0.03046   0.03001   0.02951   0.02898   0.02842   0.02782   0.02720   0.02656   0.02590   0.02522   0.02454   0.02384
  0.03159   0.03156   0.03147   0.03133   0.03114   0.03089   0.03059   0.03024   0.02985   0.02941   0.02893   0.02842   0.02787   0.02729   0.02669   0.02607   0.02542   0.02477   0.02410   0.02343
  0.03089   0.03086   0.03078   0.03065   0.03046   0.03022   0.02993   0.02959   0.02921   0.02879   0.02832   0.02782   0.02729   0.02673   0.02615   0.02555   0.02492   0.02429   0.02364   0.02299
  0.03016   0.03014   0.03006   0.02993   0.02975   0.02951   0.02923   0.02891   0.02854   0.02813   0.02768   0.02720   0.02669   0.02615   0.02559   0.02500   0.02440   0.02379   0.02317   0.02254
  0.02941   0.02939   0.02931   0.02918   0.02901   0.02879   0.02852   0.02820   0.02785   0.02745   0.02702   0.02656   0.02607   0.02555   0.02500   0.02444   0.02386   0.02327   0.02267   0.02207
  0.02864   0.02861   0.02854   0.02842   0.02825   0.02804   0.02778   0.02748   0.02713   0.02676   0.02634   0.02590   0.02542   0.02492   0.02440   0.02386   0.02331   0.02274   0.02216   0.02158
  0.02785   0.02782   0.02775   0.02764   0.02748   0.02727   0.02702   0.02673   0.02641   0.02604   0.02565   0.02522   0.02477   0.02429   0.02379   0.02327   0.02274   0.02220   0.02164   0.02109
  0.02705   0.02702   0.02696   0.02684   0.02669   0.02649   0.02626   0.02598   0.02567   0.02532   0.02494   0.02454   0.02410   0.02364   0.02317   0.02267   0.02216   0.02164   0.02112   0.02058
  0.02624   0.02621   0.02615   0.02604   0.02590   0.02571   0.02548   0.02522   0.02492   0.02459   0.02423   0.02384   0.02343   0.02299   0.02254   0.02207   0.02158   0.02109   0.02058   0.02008
