  4.09958   3.92690   3.45242   2.78891   2.07504   1.42894   0.91976   0.56436   0.34252   0.21794   0.15475   0.12571   0.11360   0.10901   0.10742   0.10693   0.10678   0.10675   0.10674   0.10674
  3.92690   3.76170   3.30773   2.67292   1.98992   1.37176   0.88460   0.54457   0.33233   0.21313   0.15267   0.12489   0.11330   0.10891   0.10739   0.10692   0.10678   0.10675   0.10674   0.10674
  3.45242   3.30773   2.91015   2.35419   1.75602   1.21463   0.78799   0.49019   0.30431   0.19992   0.14696   0.12263   0.11249   0.10864   0.10731   0.10689   0.10678   0.10674   0.10674   0.10674
  2.78891   2.67292   2.35419   1.90848   1.42894   0.99492   0.65288   0.41415   0.26513   0.18144   0.13899   0.11948   0.11135   0.10826   0.10720   0.10686   0.10677   0.10674   0.10674   0.10673
  2.07504   1.98992   1.75602   1.42894   1.07703   0.75853   0.50752   0.33233   0.22297   0.16156   0.13040   0.11609   0.11012   0.10786   0.10707   0.10683   0.10676   0.10674   0.10674   0.10673
  1.42894   1.37176   1.21463   0.99492   0.75853   0.54457   0.37596   0.25828   0.18481   0.14356   0.12263   0.11302   0.10901   0.10749   0.10696   0.10680   0.10675   0.10674   0.10674   0.10673
  0.91976   0.88460   0.78799   0.65288   0.50752   0.37596   0.27228   0.19992   0.15475   0.12938   0.11651   0.11060   0.10813   0.10720   0.10687   0.10677   0.10674   0.10674   0.10674   0.10673
  0.56436   0.54457   0.49019   0.41415   0.33233   0.25828   0.19992   0.15918   0.13376   0.11948   0.11224   0.10891   0.10752   0.10700   0.10681   0.10676   0.10674   0.10674   0.10673   0.10673
  0.34252   0.33233   0.30431   0.26513   0.22297   0.18481   0.15475   0.13376   0.12066   0.11330   0.10957   0.10786   0.10714   0.10687   0.10678   0.10675   0.10674   0.10674   0.10673   0.10673
  0.21794   0.21313   0.19992   0.18144   0.16156   0.14356   0.12938   0.11948   0.11330   0.10983   0.10807   0.10726   0.10693   0.10680   0.10675   0.10674   0.10674   0.10673   0.10673   0.10673
  0.15475   0.15267   0.14696   0.13899   0.13040   0.12263   0.11651   0.11224   0.10957   0.10807   0.10731   0.10696   0.10682   0.10676   0.10674   0.10674   0.10674   0.10673   0.10673   0.10673
  0.12571   0.12489   0.12263   0.11948   0.11609   0.11302   0.11060   0.10891   0.10786   0.10726   0.10696   0.10682   0.10677   0.10675   0.10674   0.10674   0.10673   0.10673   0.10673   0.10673
  0.11360   0.11330   0.11249   0.11135   0.11012   0.10901   0.10813   0.10752   0.10714   0.10693   0.10682   0.10677   0.10675   0.10674   0.10674   0.10673   0.10673   0.10673   0.10673   0.10673
  0.10901   0.10891   0.10864   0.10826   0.10786   0.10749   0.10720   0.10700   0.10687   0.10680   0.10676   0.10675   0.10674   0.10674   0.10674   0.10673   0.10673   0.10673   0.10673   0.10673
  0.10742   0.10739   0.10731   0.10720   0.10707   0.10696   0.10687   0.10681   0.10678   0.10675   0.10674   0.10674   0.10674   0.10674   0.10673   0.10673   0.10673   0.10673   0.10673   0.10673
  0.10693   0.10692   0.10689   0.10686   0.10683   0.10680   0.10677   0.10676   0.10675   0.10674   0.10674   0.10674   0.10673   0.10673   0.10673   0.10673   0.10673   0.10673   0.10673   0.10673
  0.10678   0.10678   0.10678   0.10677   0.10676   0.10675   0.10674   0.10674   0.10674   0.10674   0.10674   0.10673   0.10673   0.10673   0.10673   0.10673   0.10673   0.10673   0.10673   0.10673
  0.10675   0.10675   0.10674   0.10674   0.10674   0.10674   0.10674   0.10674   0.10674   0.10673   0.10673   0.10673   0.10673   0.10673   0.10673   0.10673   0.10673   0.10673   0.10673   0.10673
  0.10674   0.10674   0.10674   0.10674   0.10674   0.10674   0.10674   0.10673   0.10673   0.10673   0.10673   0.10673   0.10673   0.10673   0.10673   0.10673   0.10673   0.10673   0.10673   0.10673
  0.10674   0.10674   0.10674   0.10673   0.10673   0.10673   0.10673   0.10673   0.10673   0.10673   0.10673   0.10673   0.10673   0.10673   0.10673   0.10673   0.10673   0.10673   0.10673   0.10673
