  3.91032   3.76303   3.35359   2.76775   2.11534   1.49713   0.98114   0.59530   0.33430   0.17363   0.08325   0.03667   0.01463   0.00504   0.00119  -0.00022  -0.00071  -0.00086  -0.00090  -0.00091
  3.76303   3.62127   3.22725   2.66348   2.03564   1.44071   0.94416   0.57285   0.32168   0.16706   0.08008   0.03525   0.01404   0.00481   0.00111  -0.00025  -0.00072  -0.00086  -0.00090  -0.00091
  3.35359   3.22725   2.87610   2.37365   1.81411   1.28389   0.84135   0.51043   0.28659   0.14878   0.07127   0.03132   0.01241   0.00419   0.00089  -0.00032  -0.00074  -0.00087  -0.00090  -0.00092
  2.76775   2.66348   2.37365   1.95895   1.49713   1.05951   0.69426   0.42113   0.23638   0.12264   0.05866   0.02569   0.01009   0.00330   0.00058  -0.00043  -0.00077  -0.00088  -0.00091  -0.00092
  2.11534   2.03564   1.81411   1.49713   1.14413   0.80963   0.53045   0.32168   0.18046   0.09352   0.04462   0.01942   0.00749   0.00230   0.00022  -0.00054  -0.00080  -0.00089  -0.00091  -0.00092
  1.49713   1.44071   1.28389   1.05951   0.80963   0.57285   0.37522   0.22744   0.12748   0.06594   0.03132   0.01348   0.00504   0.00136  -0.00011  -0.00065  -0.00084  -0.00090  -0.00091  -0.00092
  0.98114   0.94416   0.84135   0.69426   0.53045   0.37522   0.24566   0.14878   0.08325   0.04291   0.02022   0.00852   0.00298   0.00058  -0.00039  -0.00074  -0.00087  -0.00090  -0.00091  -0.00092
  0.59530   0.57285   0.51043   0.42113   0.32168   0.22744   0.14878   0.08997   0.05018   0.02569   0.01191   0.00481   0.00145  -0.00001  -0.00060  -0.00081  -0.00089  -0.00091  -0.00092  -0.00092
  0.33430   0.32168   0.28659   0.23638   0.18046   0.12748   0.08325   0.05018   0.02781   0.01404   0.00630   0.00230   0.00041  -0.00041  -0.00074  -0.00086  -0.00090  -0.00091  -0.00092  -0.00092
  0.17363   0.16706   0.14878   0.12264   0.09352   0.06594   0.04291   0.02569   0.01404   0.00687   0.00284   0.00076  -0.00022  -0.00065  -0.00082  -0.00089  -0.00091  -0.00092  -0.00092  -0.00092
  0.08325   0.08008   0.07127   0.05866   0.04462   0.03132   0.02022   0.01191   0.00630   0.00284   0.00089  -0.00011  -0.00058  -0.00079  -0.00087  -0.00090  -0.00091  -0.00092  -0.00092  -0.00092
  0.03667   0.03525   0.03132   0.02569   0.01942   0.01348   0.00852   0.00481   0.00230   0.00076  -0.00011  -0.00056  -0.00077  -0.00086  -0.00090  -0.00091  -0.00092  -0.00092  -0.00092  -0.00092
  0.01463   0.01404   0.01241   0.01009   0.00749   0.00504   0.00298   0.00145   0.00041  -0.00022  -0.00058  -0.00077  -0.00086  -0.00089  -0.00091  -0.00092  -0.00092  -0.00092  -0.00092  -0.00092
  0.00504   0.00481   0.00419   0.00330   0.00230   0.00136   0.00058  -0.00001  -0.00041  -0.00065  -0.00079  -0.00086  -0.00089  -0.00091  -0.00092  -0.00092  -0.00092  -0.00092  -0.00092  -0.00092
  0.00119   0.00111   0.00089   0.00058   0.00022  -0.00011  -0.00039  -0.00060  -0.00074  -0.00082  -0.00087  -0.00090  -0.00091  -0.00092  -0.00092  -0.00092  -0.00092  -0.00092  -0.00092  -0.00092
 -0.00022  -0.00025  -0.00032  -0.00043  -0.00054  -0.00065  -0.00074  -0.00081  -0.00086  -0.00089  -0.00090  -0.00091  -0.00092  -0.00092  -0.00092  -0.00092  -0.00092  -0.00092  -0.00092  -0.00092
 -0.00071  -0.00072  -0.00074  -0.00077  -0.00080  -0.00084  -0.00087  -0.00089  -0.00090  -0.00091  -0.00091  -0.00092  -0.00092  -0.00092  -0.00092  -0.00092  -0.00092  -0.00092  -0.00092  -0.00092
 -0.00086  -0.00086  -0.00087  -0.00088  -0.00089  -0.00090  -0.00090  -0.00091  -0.00091  -0.00092  -0.00092  -0.00092  -0.00092  -0.00092  -0.00092  -0.00092  -0.00092  -0.00092  -0.00092  -0.00092
 -0.00090  -0.00090  -0.00090  -0.00091  -0.00091  -0.00091  -0.00091  -0.00092  -0.00092  -0.00092  -0.00092  -0.00092  -0.00092  -0.00092  -0.00092  -0.00092  -0.00092  -0.00092  -0.00092  -0.00092
 -0.00091  -0.00091  -0.00092  -0.00092  -0.00092  -0.00092  -0.00092  -0.00092  -0.00092  -0.00092  -0.00092  -0.00092  -0.00092  -0.00092  -0.00092  -0.00092  -0.00092  -0.00092  -0.00092  -0.00092
