  4.13353   3.95925   3.48128   2.81552   2.10341   1.46394   0.96490   0.62065   0.40869   0.29151   0.23311   0.20679   0.19605   0.19207   0.19074   0.19033   0.19021   0.19018   0.19018   0.19018
  3.95925   3.79268   3.33583   2.69949   2.01886   1.40764   0.93066   0.60162   0.39903   0.28703   0.23121   0.20606   0.19579   0.19199   0.19071   0.19032   0.19021   0.19018   0.19018   0.19018
  3.48128   3.33583   2.93691   2.38127   1.78695   1.25325   0.83676   0.54944   0.37255   0.27475   0.22600   0.20404   0.19508   0.19176   0.19064   0.19030   0.19021   0.19018   0.19018   0.19018
  2.81552   2.69949   2.38127   1.93804   1.46394   1.03820   0.70596   0.47677   0.33565   0.25764   0.21876   0.20124   0.19409   0.19144   0.19055   0.19028   0.19020   0.19018   0.19018   0.19018
  2.10341   2.01886   1.78695   1.46394   1.11844   0.80818   0.56606   0.39903   0.29619   0.23934   0.21100   0.19824   0.19303   0.19110   0.19045   0.19025   0.19019   0.19018   0.19018   0.19018
  1.46394   1.40764   1.25325   1.03820   0.80818   0.60162   0.44042   0.32922   0.26076   0.22291   0.20404   0.19554   0.19207   0.19079   0.19036   0.19022   0.19019   0.19018   0.19018   0.19018
  0.96490   0.93066   0.83676   0.70596   0.56606   0.44042   0.34238   0.27475   0.23311   0.21008   0.19861   0.19344   0.19133   0.19055   0.19029   0.19021   0.19018   0.19018   0.19018   0.19018
  0.62065   0.60162   0.54944   0.47677   0.39903   0.32922   0.27475   0.23717   0.21403   0.20124   0.19486   0.19199   0.19082   0.19038   0.19024   0.19019   0.19018   0.19018   0.19018   0.19018
  0.40869   0.39903   0.37255   0.33565   0.29619   0.26076   0.23311   0.21403   0.20228   0.19579   0.19255   0.19110   0.19050   0.19028   0.19021   0.19018   0.19018   0.19018   0.19018   0.19018
  0.29151   0.28703   0.27475   0.25764   0.23934   0.22291   0.21008   0.20124   0.19579   0.19278   0.19128   0.19060   0.19033   0.19022   0.19019   0.19018   0.19018   0.19018   0.19018   0.19018
  0.23311   0.23121   0.22600   0.21876   0.21100   0.20404   0.19861   0.19486   0.19255   0.19128   0.19064   0.19036   0.19024   0.19020   0.19018   0.19018   0.19018   0.19018   0.19018   0.19018
  0.20679   0.20606   0.20404   0.20124   0.19824   0.19554   0.19344   0.19199   0.19110   0.19060   0.19036   0.19025   0.19020   0.19018   0.19018   0.19018   0.19018   0.19018   0.19018   0.19018
  0.19605   0.19579   0.19508   0.19409   0.19303   0.19207   0.19133   0.19082   0.19050   0.19033   0.19024   0.19020   0.19018   0.19018   0.19018   0.19018   0.19018   0.19018   0.19018   0.19018
  0.19207   0.19199   0.19176   0.19144   0.19110   0.19079   0.19055   0.19038   0.19028   0.19022   0.19020   0.19018   0.19018   0.19018   0.19018   0.19018   0.19018   0.19018   0.19018   0.19018
  0.19074   0.19071   0.19064   0.19055   0.19045   0.19036   0.19029   0.19024   0.19021   0.19019   0.19018   0.19018   0.19018   0.19018   0.19018   0.19018   0.19018   0.19018   0.19018   0.19018
  0.19033   0.19032   0.19030   0.19028   0.19025   0.19022   0.19021   0.19019   0.19018   0.19018   0.19018   0.19018   0.19018   0.19018   0.19018   0.19018   0.19018   0.19018   0.19018   0.19018
  0.19021   0.19021   0.19021   0.19020   0.19019   0.19019   0.19018   0.19018   0.19018   0.19018   0.19018   0.19018   0.19018   0.19018   0.19018   0.19018   0.19018   0.19018   0.19018   0.19018
  0.19018   0.19018   0.19018   0.19018   0.19018   0.19018   0.19018   0.19018   0.19018   0.19018   0.19018   0.19018   0.19018   0.19018   0.19018   0.19018   0.19018   0.19018   0.19018   0.19018
  0.19018   0.19018   0.19018   0.19018   0.19018   0.19018   0.19018   0.19018   0.19018   0.19018   0.19018   0.19018   0.19018   0.19018   0.19018   0.19018   0.19018   0.19018   0.19018   0.19018
  0.19018   0.19018   0.19018   0.19018   0.19018   0.19018   0.19018   0.19018   0.19018   0.19018   0.19018   0.19018   0.19018   0.19018   0.19018   0.19018   0.19018   0.19018   0.19018   0.19018
