  2.80907   2.70093   2.40139   1.97575   1.50667   1.06830   0.70871   0.44537   0.27151   0.16742   0.11066   0.08241   0.06954   0.06417   0.06212   0.06139   0.06116   0.06109   0.06107   0.06107
  2.70093   2.59705   2.30929   1.90041   1.44978   1.02866   0.68323   0.43025   0.26323   0.16323   0.10871   0.08157   0.06921   0.06405   0.06207   0.06138   0.06116   0.06109   0.06107   0.06107
  2.40139   2.30929   2.05418   1.69170   1.29220   0.91887   0.61263   0.38836   0.24029   0.15164   0.10330   0.07924   0.06829   0.06371   0.06196   0.06134   0.06115   0.06109   0.06107   0.06107
  1.97575   1.90041   1.69170   1.39513   1.06830   0.76286   0.51232   0.32883   0.20769   0.13516   0.09562   0.07594   0.06697   0.06323   0.06180   0.06129   0.06113   0.06108   0.06107   0.06107
  1.50667   1.44978   1.29220   1.06830   0.82153   0.59092   0.40176   0.26323   0.17177   0.11701   0.08716   0.07229   0.06553   0.06270   0.06162   0.06124   0.06111   0.06108   0.06107   0.06107
  1.06830   1.02866   0.91887   0.76286   0.59092   0.43025   0.29845   0.20192   0.13820   0.10005   0.07924   0.06889   0.06417   0.06220   0.06145   0.06119   0.06110   0.06107   0.06107   0.06107
  0.70871   0.68323   0.61263   0.51232   0.40176   0.29845   0.21370   0.15164   0.11066   0.08613   0.07275   0.06610   0.06306   0.06180   0.06131   0.06114   0.06109   0.06107   0.06107   0.06107
  0.44537   0.43025   0.38836   0.32883   0.26323   0.20192   0.15164   0.11481   0.09050   0.07594   0.06800   0.06405   0.06225   0.06150   0.06121   0.06111   0.06108   0.06107   0.06107   0.06107
  0.27151   0.26323   0.24029   0.20769   0.17177   0.13820   0.11066   0.09050   0.07718   0.06921   0.06486   0.06270   0.06171   0.06130   0.06115   0.06109   0.06107   0.06107   0.06107   0.06107
  0.16742   0.16323   0.15164   0.13516   0.11701   0.10005   0.08613   0.07594   0.06921   0.06518   0.06298   0.06189   0.06139   0.06119   0.06111   0.06108   0.06107   0.06107   0.06107   0.06107
  0.11066   0.10871   0.10330   0.09562   0.08716   0.07924   0.07275   0.06800   0.06486   0.06298   0.06196   0.06145   0.06122   0.06112   0.06108   0.06107   0.06107   0.06107   0.06107   0.06107
  0.08241   0.08157   0.07924   0.07594   0.07229   0.06889   0.06610   0.06405   0.06270   0.06189   0.06145   0.06123   0.06113   0.06109   0.06107   0.06107   0.06107   0.06107   0.06107   0.06107
  0.06954   0.06921   0.06829   0.06697   0.06553   0.06417   0.06306   0.06225   0.06171   0.06139   0.06122   0.06113   0.06109   0.06107   0.06107   0.06107   0.06107   0.06107   0.06107   0.06107
  0.06417   0.06405   0.06371   0.06323   0.06270   0.06220   0.06180   0.06150   0.06130   0.06119   0.06112   0.06109   0.06107   0.06107   0.06107   0.06107   0.06107   0.06107   0.06107   0.06107
  0.06212   0.06207   0.06196   0.06180   0.06162   0.06145   0.06131   0.06121   0.06115   0.06111   0.06108   0.06107   0.06107   0.06107   0.06107   0.06107   0.06107   0.06107   0.06107   0.06107
  0.06139   0.06138   0.06134   0.06129   0.06124   0.06119   0.06114   0.06111   0.06109   0.06108   0.06107   0.06107   0.06107   0.06107   0.06107   0.06107   0.06107   0.06107   0.06107   0.06107
  0.06116   0.06116   0.06115   0.06113   0.06111   0.06110   0.06109   0.06108   0.06107   0.06107   0.06107   0.06107   0.06107   0.06107   0.06107   0.06107   0.06107   0.06107   0.06107   0.06107
  0.06109   0.06109   0.06109   0.06108   0.06108   0.06107   0.06107   0.06107   0.06107   0.06107   0.06107   0.06107   0.06107   0.06107   0.06107   0.06107   0.06107   0.06107   0.06107   0.06107
  0.06107   0.06107   0.06107   0.06107   0.06107   0.06107   0.06107   0.06107   0.06107   0.06107   0.06107   0.06107   0.06107   0.06107   0.06107   0.06107   0.06107   0.06107   0.06107   0.06107
  0.06107   0.06107   0.06107   0.06107   0.06107   0.06107   0.06107   0.06107   0.06107   0.06107   0.06107   0.06107   0.06107   0.06107   0.06107   0.06107   0.06107   0.06107   0.06107   0.06107
