  2.85123   2.72919   2.39417   1.92670   1.42533   0.97347   0.61927   0.37360   0.22139   0.13663   0.09405   0.07468   0.06670   0.06372   0.06270   0.06239   0.06230   0.06227   0.06227   0.06227
  2.72919   2.61248   2.29213   1.84511   1.36568   0.93360   0.59489   0.35998   0.21443   0.13338   0.09266   0.07414   0.06651   0.06365   0.06268   0.06238   0.06230   0.06227   0.06227   0.06227
  2.39417   2.29213   2.01202   1.62115   1.20195   0.82414   0.52798   0.32258   0.19531   0.12444   0.08884   0.07265   0.06598   0.06348   0.06263   0.06237   0.06229   0.06227   0.06227   0.06227
  1.92670   1.84511   1.62115   1.30864   0.97347   0.67141   0.43462   0.27039   0.16864   0.11198   0.08351   0.07057   0.06523   0.06324   0.06256   0.06235   0.06229   0.06227   0.06227   0.06227
  1.42533   1.36568   1.20195   0.97347   0.72844   0.50760   0.33449   0.21443   0.14003   0.09861   0.07780   0.06834   0.06444   0.06298   0.06248   0.06232   0.06228   0.06227   0.06227   0.06227
  0.97347   0.93360   0.82414   0.67141   0.50760   0.35998   0.24425   0.16399   0.11426   0.08656   0.07265   0.06632   0.06372   0.06274   0.06241   0.06231   0.06228   0.06227   0.06227   0.06227
  0.61927   0.59489   0.52798   0.43462   0.33449   0.24425   0.17351   0.12444   0.09405   0.07712   0.06861   0.06475   0.06315   0.06256   0.06235   0.06229   0.06227   0.06227   0.06227   0.06227
  0.37360   0.35998   0.32258   0.27039   0.21443   0.16399   0.12444   0.09702   0.08003   0.07057   0.06581   0.06365   0.06276   0.06243   0.06232   0.06228   0.06227   0.06227   0.06227   0.06227
  0.22139   0.21443   0.19531   0.16864   0.14003   0.11426   0.09405   0.08003   0.07135   0.06651   0.06408   0.06298   0.06252   0.06235   0.06229   0.06227   0.06227   0.06227   0.06227   0.06227
  0.13663   0.13338   0.12444   0.11198   0.09861   0.08656   0.07712   0.07057   0.06651   0.06425   0.06311   0.06260   0.06239   0.06231   0.06228   0.06227   0.06227   0.06227   0.06227   0.06227
  0.09405   0.09266   0.08884   0.08351   0.07780   0.07265   0.06861   0.06581   0.06408   0.06311   0.06263   0.06241   0.06232   0.06228   0.06227   0.06227   0.06227   0.06227   0.06227   0.06227
  0.07468   0.07414   0.07265   0.07057   0.06834   0.06632   0.06475   0.06365   0.06298   0.06260   0.06241   0.06232   0.06229   0.06227   0.06227   0.06227   0.06227   0.06227   0.06227   0.06227
  0.06670   0.06651   0.06598   0.06523   0.06444   0.06372   0.06315   0.06276   0.06252   0.06239   0.06232   0.06229   0.06227   0.06227   0.06227   0.06227   0.06227   0.06227   0.06227   0.06227
  0.06372   0.06365   0.06348   0.06324   0.06298   0.06274   0.06256   0.06243   0.06235   0.06231   0.06228   0.06227   0.06227   0.06227   0.06227   0.06227   0.06227   0.06227   0.06227   0.06227
  0.06270   0.06268   0.06263   0.06256   0.06248   0.06241   0.06235   0.06232   0.06229   0.06228   0.06227   0.06227   0.06227   0.06227   0.06227   0.06227   0.06227   0.06227   0.06227   0.06227
  0.06239   0.06238   0.06237   0.06235   0.06232   0.06231   0.06229   0.06228   0.06227   0.06227   0.06227   0.06227   0.06227   0.06227   0.06227   0.06227   0.06227   0.06227   0.06227   0.06227
  0.06230   0.06230   0.06229   0.06229   0.06228   0.06228   0.06227   0.06227   0.06227   0.06227   0.06227   0.06227   0.06227   0.06227   0.06227   0.06227   0.06227   0.06227   0.06227   0.06227
  0.06227   0.06227   0.06227   0.06227   0.06227   0.06227   0.06227   0.06227   0.06227   0.06227   0.06227   0.06227   0.06227   0.06227   0.06227   0.06227   0.06227   0.06227   0.06227   0.06227
  0.06227   0.06227   0.06227   0.06227   0.06227   0.06227   0.06227   0.06227   0.06227   0.06227   0.06227   0.06227   0.06227   0.06227   0.06227   0.06227   0.06227   0.06227   0.06227   0.06227
  0.06227   0.06227   0.06227   0.06227   0.06227   0.06227   0.06227   0.06227   0.06227   0.06227   0.06227   0.06227   0.06227   0.06227   0.06227   0.06227   0.06227   0.06227   0.06227   0.06227
