  0.06075   0.06070   0.06057   0.06034   0.06002   0.05962   0.05912   0.05854   0.05787   0.05711   0.05627   0.05535   0.05435   0.05327   0.05211   0.05088   0.04957   0.04820   0.04675   0.04524
  0.06070   0.06066   0.06052   0.06029   0.05998   0.05957   0.05908   0.05849   0.05782   0.05707   0.05623   0.05531   0.05431   0.05323   0.05207   0.05084   0.04953   0.04815   0.04671   0.04520
  0.06057   0.06052   0.06038   0.06016   0.05984   0.05944   0.05894   0.05836   0.05769   0.05694   0.05610   0.05518   0.05418   0.05310   0.05194   0.05071   0.04940   0.04803   0.04659   0.04508
  0.06034   0.06029   0.06016   0.05993   0.05962   0.05921   0.05872   0.05814   0.05747   0.05672   0.05588   0.05496   0.05396   0.05288   0.05173   0.05050   0.04920   0.04782   0.04638   0.04488
  0.06002   0.05998   0.05984   0.05962   0.05930   0.05890   0.05840   0.05782   0.05716   0.05641   0.05557   0.05466   0.05366   0.05258   0.05143   0.05020   0.04890   0.04753   0.04610   0.04459
  0.05962   0.05957   0.05944   0.05921   0.05890   0.05849   0.05800   0.05742   0.05676   0.05601   0.05518   0.05426   0.05327   0.05220   0.05105   0.04982   0.04853   0.04716   0.04573   0.04423
  0.05912   0.05908   0.05894   0.05872   0.05840   0.05800   0.05751   0.05694   0.05627   0.05553   0.05470   0.05379   0.05280   0.05173   0.05058   0.04936   0.04807   0.04671   0.04528   0.04379
  0.05854   0.05849   0.05836   0.05814   0.05782   0.05742   0.05694   0.05636   0.05570   0.05496   0.05413   0.05323   0.05224   0.05117   0.05003   0.04882   0.04753   0.04618   0.04476   0.04327
  0.05787   0.05782   0.05769   0.05747   0.05716   0.05676   0.05627   0.05570   0.05505   0.05431   0.05349   0.05258   0.05160   0.05054   0.04940   0.04820   0.04692   0.04557   0.04415   0.04267
  0.05711   0.05707   0.05694   0.05672   0.05641   0.05601   0.05553   0.05496   0.05431   0.05357   0.05275   0.05186   0.05088   0.04982   0.04869   0.04749   0.04622   0.04488   0.04347   0.04200
  0.05627   0.05623   0.05610   0.05588   0.05557   0.05518   0.05470   0.05413   0.05349   0.05275   0.05194   0.05105   0.05008   0.04903   0.04791   0.04671   0.04545   0.04411   0.04271   0.04125
  0.05535   0.05531   0.05518   0.05496   0.05466   0.05426   0.05379   0.05323   0.05258   0.05186   0.05105   0.05016   0.04920   0.04815   0.04704   0.04585   0.04459   0.04327   0.04188   0.04043
  0.05435   0.05431   0.05418   0.05396   0.05366   0.05327   0.05280   0.05224   0.05160   0.05088   0.05008   0.04920   0.04824   0.04720   0.04610   0.04492   0.04367   0.04235   0.04097   0.03953
  0.05327   0.05323   0.05310   0.05288   0.05258   0.05220   0.05173   0.05117   0.05054   0.04982   0.04903   0.04815   0.04720   0.04618   0.04508   0.04391   0.04267   0.04137   0.04000   0.03857
  0.05211   0.05207   0.05194   0.05173   0.05143   0.05105   0.05058   0.05003   0.04940   0.04869   0.04791   0.04704   0.04610   0.04508   0.04399   0.04283   0.04160   0.04031   0.03895   0.03753
  0.05088   0.05084   0.05071   0.05050   0.05020   0.04982   0.04936   0.04882   0.04820   0.04749   0.04671   0.04585   0.04492   0.04391   0.04283   0.04168   0.04046   0.03918   0.03784   0.03643
  0.04957   0.04953   0.04940   0.04920   0.04890   0.04853   0.04807   0.04753   0.04692   0.04622   0.04545   0.04459   0.04367   0.04267   0.04160   0.04046   0.03926   0.03799   0.03666   0.03526
  0.04820   0.04815   0.04803   0.04782   0.04753   0.04716   0.04671   0.04618   0.04557   0.04488   0.04411   0.04327   0.04235   0.04137   0.04031   0.03918   0.03799   0.03673   0.03541   0.03403
  0.04675   0.04671   0.04659   0.04638   0.04610   0.04573   0.04528   0.04476   0.04415   0.04347   0.04271   0.04188   0.04097   0.04000   0.03895   0.03784   0.03666   0.03541   0.03411   0.03275
  0.04524   0.04520   0.04508   0.04488   0.04459   0.04423   0.04379   0.04327   0.04267   0.04200   0.04125   0.04043   0.03953   0.03857   0.03753   0.03643   0.03526   0.03403   0.03275   0.03140
