  0.10859   0.10827   0.10733   0.10579   0.10369   0.10108   0.09801   0.09457   0.09083   0.08686   0.08275   0.07857   0.07439   0.07029   0.06632   0.06253   0.05896   0.05563   0.05257   0.04979
  0.10827   0.10796   0.10702   0.10549   0.10340   0.10079   0.09774   0.09432   0.09059   0.08663   0.08254   0.07838   0.07422   0.07014   0.06618   0.06241   0.05885   0.05554   0.05249   0.04972
  0.10733   0.10702   0.10610   0.10458   0.10252   0.09995   0.09693   0.09355   0.08987   0.08597   0.08192   0.07781   0.07371   0.06968   0.06577   0.06204   0.05853   0.05526   0.05225   0.04952
  0.10579   0.10549   0.10458   0.10310   0.10108   0.09856   0.09561   0.09230   0.08869   0.08487   0.08091   0.07689   0.07287   0.06892   0.06510   0.06144   0.05800   0.05480   0.05186   0.04918
  0.10369   0.10340   0.10252   0.10108   0.09911   0.09667   0.09380   0.09059   0.08708   0.08337   0.07953   0.07562   0.07172   0.06789   0.06417   0.06063   0.05729   0.05418   0.05132   0.04872
  0.10108   0.10079   0.09995   0.09856   0.09667   0.09432   0.09156   0.08846   0.08509   0.08151   0.07781   0.07405   0.07029   0.06660   0.06303   0.05961   0.05639   0.05340   0.05065   0.04815
  0.09801   0.09774   0.09693   0.09561   0.09380   0.09156   0.08892   0.08597   0.08275   0.07934   0.07580   0.07221   0.06862   0.06510   0.06168   0.05842   0.05535   0.05249   0.04986   0.04747
  0.09457   0.09432   0.09355   0.09230   0.09059   0.08846   0.08597   0.08316   0.08012   0.07689   0.07354   0.07014   0.06674   0.06340   0.06017   0.05709   0.05418   0.05147   0.04898   0.04672
  0.09083   0.09059   0.08987   0.08869   0.08708   0.08509   0.08275   0.08012   0.07725   0.07422   0.07108   0.06789   0.06470   0.06156   0.05853   0.05563   0.05290   0.05036   0.04802   0.04590
  0.08686   0.08663   0.08597   0.08487   0.08337   0.08151   0.07934   0.07689   0.07422   0.07140   0.06847   0.06550   0.06253   0.05961   0.05679   0.05409   0.05155   0.04918   0.04700   0.04503
  0.08275   0.08254   0.08192   0.08091   0.07953   0.07781   0.07580   0.07354   0.07108   0.06847   0.06577   0.06303   0.06028   0.05759   0.05498   0.05249   0.05014   0.04796   0.04595   0.04412
  0.07857   0.07838   0.07781   0.07689   0.07562   0.07405   0.07221   0.07014   0.06789   0.06550   0.06303   0.06051   0.05800   0.05554   0.05315   0.05087   0.04872   0.04672   0.04488   0.04321
  0.07439   0.07422   0.07371   0.07287   0.07172   0.07029   0.06862   0.06674   0.06470   0.06253   0.06028   0.05800   0.05572   0.05349   0.05132   0.04925   0.04730   0.04548   0.04381   0.04229
  0.07029   0.07014   0.06968   0.06892   0.06789   0.06660   0.06510   0.06340   0.06156   0.05961   0.05759   0.05554   0.05349   0.05147   0.04952   0.04765   0.04590   0.04426   0.04276   0.04139
  0.06632   0.06618   0.06577   0.06510   0.06417   0.06303   0.06168   0.06017   0.05853   0.05679   0.05498   0.05315   0.05132   0.04952   0.04777   0.04611   0.04454   0.04308   0.04174   0.04052
  0.06253   0.06241   0.06204   0.06144   0.06063   0.05961   0.05842   0.05709   0.05563   0.05409   0.05249   0.05087   0.04925   0.04765   0.04611   0.04464   0.04325   0.04196   0.04077   0.03969
  0.05896   0.05885   0.05853   0.05800   0.05729   0.05639   0.05535   0.05418   0.05290   0.05155   0.05014   0.04872   0.04730   0.04590   0.04454   0.04325   0.04203   0.04090   0.03985   0.03891
  0.05563   0.05554   0.05526   0.05480   0.05418   0.05340   0.05249   0.05147   0.05036   0.04918   0.04796   0.04672   0.04548   0.04426   0.04308   0.04196   0.04090   0.03991   0.03900   0.03818
  0.05257   0.05249   0.05225   0.05186   0.05132   0.05065   0.04986   0.04898   0.04802   0.04700   0.04595   0.04488   0.04381   0.04276   0.04174   0.04077   0.03985   0.03900   0.03822   0.03751
  0.04979   0.04972   0.04952   0.04918   0.04872   0.04815   0.04747   0.04672   0.04590   0.04503   0.04412   0.04321   0.04229   0.04139   0.04052   0.03969   0.03891   0.03818   0.03751   0.03690
