  0.15953   0.15883   0.15674   0.15334   0.14873   0.14307   0.13653   0.12931   0.12161   0.11363   0.10558   0.09763   0.08994   0.08263   0.07582   0.06957   0.06393   0.05892   0.05453   0.05074
  0.15883   0.15813   0.15605   0.15267   0.14809   0.14246   0.13596   0.12878   0.12112   0.11319   0.10518   0.09727   0.08962   0.08236   0.07559   0.06938   0.06377   0.05878   0.05442   0.05065
  0.15674   0.15605   0.15401   0.15068   0.14618   0.14065   0.13425   0.12719   0.11966   0.11187   0.10399   0.09622   0.08870   0.08156   0.07490   0.06879   0.06328   0.05837   0.05408   0.05038
  0.15334   0.15267   0.15068   0.14745   0.14307   0.13769   0.13148   0.12461   0.11729   0.10971   0.10206   0.09450   0.08719   0.08025   0.07377   0.06783   0.06247   0.05771   0.05354   0.04994
  0.14873   0.14809   0.14618   0.14307   0.13886   0.13369   0.12772   0.12112   0.11408   0.10680   0.09944   0.09217   0.08515   0.07847   0.07225   0.06654   0.06139   0.05681   0.05280   0.04934
  0.14307   0.14246   0.14065   0.13769   0.13369   0.12878   0.12310   0.11683   0.11014   0.10321   0.09622   0.08931   0.08263   0.07629   0.07038   0.06495   0.06005   0.05570   0.05189   0.04860
  0.13653   0.13596   0.13425   0.13148   0.12772   0.12310   0.11776   0.11187   0.10558   0.09907   0.09250   0.08601   0.07973   0.07377   0.06821   0.06311   0.05851   0.05442   0.05084   0.04775
  0.12931   0.12878   0.12719   0.12461   0.12112   0.11683   0.11187   0.10639   0.10055   0.09450   0.08839   0.08236   0.07653   0.07099   0.06582   0.06108   0.05681   0.05301   0.04968   0.04680
  0.12161   0.12112   0.11966   0.11729   0.11408   0.11014   0.10558   0.10055   0.09518   0.08962   0.08401   0.07847   0.07311   0.06802   0.06328   0.05892   0.05499   0.05150   0.04844   0.04580
  0.11363   0.11319   0.11187   0.10971   0.10680   0.10321   0.09907   0.09450   0.08962   0.08458   0.07948   0.07444   0.06957   0.06495   0.06064   0.05668   0.05311   0.04994   0.04716   0.04476
  0.10558   0.10518   0.10399   0.10206   0.09944   0.09622   0.09250   0.08839   0.08401   0.07948   0.07490   0.07038   0.06600   0.06185   0.05797   0.05442   0.05121   0.04836   0.04586   0.04371
  0.09763   0.09727   0.09622   0.09450   0.09217   0.08931   0.08601   0.08236   0.07847   0.07444   0.07038   0.06636   0.06247   0.05878   0.05534   0.05219   0.04934   0.04680   0.04459   0.04267
  0.08994   0.08962   0.08870   0.08719   0.08515   0.08263   0.07973   0.07653   0.07311   0.06957   0.06600   0.06247   0.05906   0.05582   0.05280   0.05002   0.04752   0.04530   0.04335   0.04167
  0.08263   0.08236   0.08156   0.08025   0.07847   0.07629   0.07377   0.07099   0.06802   0.06495   0.06185   0.05878   0.05582   0.05301   0.05038   0.04797   0.04580   0.04387   0.04218   0.04072
  0.07582   0.07559   0.07490   0.07377   0.07225   0.07038   0.06821   0.06582   0.06328   0.06064   0.05797   0.05534   0.05280   0.05038   0.04813   0.04606   0.04419   0.04254   0.04108   0.03983
  0.06957   0.06938   0.06879   0.06783   0.06654   0.06495   0.06311   0.06108   0.05892   0.05668   0.05442   0.05219   0.05002   0.04797   0.04606   0.04430   0.04272   0.04131   0.04008   0.03902
  0.06393   0.06377   0.06328   0.06247   0.06139   0.06005   0.05851   0.05681   0.05499   0.05311   0.05121   0.04934   0.04752   0.04580   0.04419   0.04272   0.04139   0.04021   0.03917   0.03828
  0.05892   0.05878   0.05837   0.05771   0.05681   0.05570   0.05442   0.05301   0.05150   0.04994   0.04836   0.04680   0.04530   0.04387   0.04254   0.04131   0.04021   0.03923   0.03837   0.03763
  0.05453   0.05442   0.05408   0.05354   0.05280   0.05189   0.05084   0.04968   0.04844   0.04716   0.04586   0.04459   0.04335   0.04218   0.04108   0.04008   0.03917   0.03837   0.03766   0.03705
  0.05074   0.05065   0.05038   0.04994   0.04934   0.04860   0.04775   0.04680   0.04580   0.04476   0.04371   0.04267   0.04167   0.04072   0.03983   0.03902   0.03828   0.03763   0.03705   0.03656
