  0.03944   0.03927   0.03875   0.03791   0.03677   0.03537   0.03375   0.03197   0.03006   0.02809   0.02610   0.02413   0.02223   0.02042   0.01874   0.01720   0.01580   0.01456   0.01348   0.01254
  0.03927   0.03909   0.03858   0.03774   0.03661   0.03522   0.03361   0.03183   0.02994   0.02798   0.02600   0.02404   0.02215   0.02036   0.01868   0.01715   0.01576   0.01453   0.01345   0.01252
  0.03875   0.03858   0.03808   0.03725   0.03614   0.03477   0.03319   0.03144   0.02958   0.02765   0.02571   0.02378   0.02192   0.02016   0.01851   0.01700   0.01564   0.01443   0.01337   0.01245
  0.03791   0.03774   0.03725   0.03645   0.03537   0.03404   0.03250   0.03080   0.02899   0.02712   0.02523   0.02336   0.02155   0.01983   0.01823   0.01677   0.01544   0.01426   0.01323   0.01234
  0.03677   0.03661   0.03614   0.03537   0.03433   0.03305   0.03157   0.02994   0.02820   0.02640   0.02458   0.02278   0.02105   0.01940   0.01786   0.01645   0.01517   0.01404   0.01305   0.01219
  0.03537   0.03522   0.03477   0.03404   0.03305   0.03183   0.03043   0.02888   0.02723   0.02551   0.02378   0.02208   0.02042   0.01886   0.01739   0.01605   0.01484   0.01377   0.01282   0.01201
  0.03375   0.03361   0.03319   0.03250   0.03157   0.03043   0.02911   0.02765   0.02610   0.02449   0.02286   0.02126   0.01971   0.01823   0.01686   0.01560   0.01446   0.01345   0.01256   0.01180
  0.03197   0.03183   0.03144   0.03080   0.02994   0.02888   0.02765   0.02630   0.02485   0.02336   0.02185   0.02036   0.01891   0.01755   0.01627   0.01510   0.01404   0.01310   0.01228   0.01157
  0.03006   0.02994   0.02958   0.02899   0.02820   0.02723   0.02610   0.02485   0.02353   0.02215   0.02077   0.01940   0.01807   0.01681   0.01564   0.01456   0.01359   0.01273   0.01197   0.01132
  0.02809   0.02798   0.02765   0.02712   0.02640   0.02551   0.02449   0.02336   0.02215   0.02090   0.01964   0.01840   0.01720   0.01605   0.01499   0.01401   0.01313   0.01234   0.01165   0.01106
  0.02610   0.02600   0.02571   0.02523   0.02458   0.02378   0.02286   0.02185   0.02077   0.01964   0.01851   0.01739   0.01631   0.01529   0.01433   0.01345   0.01266   0.01195   0.01133   0.01080
  0.02413   0.02404   0.02378   0.02336   0.02278   0.02208   0.02126   0.02036   0.01940   0.01840   0.01739   0.01640   0.01544   0.01453   0.01368   0.01290   0.01219   0.01157   0.01102   0.01055
  0.02223   0.02215   0.02192   0.02155   0.02105   0.02042   0.01971   0.01891   0.01807   0.01720   0.01631   0.01544   0.01460   0.01379   0.01305   0.01236   0.01174   0.01119   0.01071   0.01030
  0.02042   0.02036   0.02016   0.01983   0.01940   0.01886   0.01823   0.01755   0.01681   0.01605   0.01529   0.01453   0.01379   0.01310   0.01245   0.01186   0.01132   0.01084   0.01042   0.01006
  0.01874   0.01868   0.01851   0.01823   0.01786   0.01739   0.01686   0.01627   0.01564   0.01499   0.01433   0.01368   0.01305   0.01245   0.01189   0.01138   0.01092   0.01051   0.01015   0.00984
  0.01720   0.01715   0.01700   0.01677   0.01645   0.01605   0.01560   0.01510   0.01456   0.01401   0.01345   0.01290   0.01236   0.01186   0.01138   0.01095   0.01056   0.01021   0.00990   0.00964
  0.01580   0.01576   0.01564   0.01544   0.01517   0.01484   0.01446   0.01404   0.01359   0.01313   0.01266   0.01219   0.01174   0.01132   0.01092   0.01056   0.01023   0.00994   0.00968   0.00946
  0.01456   0.01453   0.01443   0.01426   0.01404   0.01377   0.01345   0.01310   0.01273   0.01234   0.01195   0.01157   0.01119   0.01084   0.01051   0.01021   0.00994   0.00969   0.00948   0.00930
  0.01348   0.01345   0.01337   0.01323   0.01305   0.01282   0.01256   0.01228   0.01197   0.01165   0.01133   0.01102   0.01071   0.01042   0.01015   0.00990   0.00968   0.00948   0.00931   0.00916
  0.01254   0.01252   0.01245   0.01234   0.01219   0.01201   0.01180   0.01157   0.01132   0.01106   0.01080   0.01055   0.01030   0.01006   0.00984   0.00964   0.00946   0.00930   0.00916   0.00904
