  0.32563   0.32445   0.32096   0.31524   0.30745   0.29779   0.28653   0.27393   0.26030   0.24596   0.23120   0.21633   0.20162   0.18730   0.17359   0.16064   0.14860   0.13753   0.12750   0.11852
  0.32445   0.32328   0.31980   0.31411   0.30635   0.29675   0.28553   0.27299   0.25943   0.24515   0.23046   0.21566   0.20102   0.18676   0.17311   0.16023   0.14824   0.13722   0.12724   0.11829
  0.32096   0.31980   0.31637   0.31075   0.30311   0.29363   0.28257   0.27020   0.25683   0.24274   0.22826   0.21366   0.19922   0.18516   0.17170   0.15899   0.14716   0.13630   0.12645   0.11763
  0.31524   0.31411   0.31075   0.30527   0.29779   0.28853   0.27772   0.26564   0.25257   0.23881   0.22465   0.21039   0.19627   0.18254   0.16939   0.15697   0.14541   0.13479   0.12517   0.11655
  0.30745   0.30635   0.30311   0.29779   0.29056   0.28159   0.27113   0.25943   0.24677   0.23345   0.21974   0.20593   0.19227   0.17897   0.16623   0.15421   0.14302   0.13274   0.12343   0.11508
  0.29779   0.29675   0.29363   0.28853   0.28159   0.27299   0.26295   0.25173   0.23959   0.22681   0.21366   0.20041   0.18730   0.17455   0.16233   0.15080   0.14006   0.13020   0.12126   0.11326
  0.28653   0.28553   0.28257   0.27772   0.27113   0.26295   0.25341   0.24274   0.23120   0.21906   0.20656   0.19397   0.18151   0.16939   0.15777   0.14681   0.13661   0.12724   0.11874   0.11113
  0.27393   0.27299   0.27020   0.26564   0.25943   0.25173   0.24274   0.23270   0.22183   0.21039   0.19862   0.18676   0.17503   0.16361   0.15268   0.14235   0.13274   0.12392   0.11592   0.10875
  0.26030   0.25943   0.25683   0.25257   0.24677   0.23959   0.23120   0.22183   0.21169   0.20102   0.19004   0.17897   0.16802   0.15737   0.14716   0.13753   0.12857   0.12033   0.11287   0.10618
  0.24596   0.24515   0.24274   0.23881   0.23345   0.22681   0.21906   0.21039   0.20102   0.19115   0.18100   0.17077   0.16064   0.15080   0.14136   0.13246   0.12417   0.11655   0.10965   0.10347
  0.23120   0.23046   0.22826   0.22465   0.21974   0.21366   0.20656   0.19862   0.19004   0.18100   0.17170   0.16233   0.15306   0.14403   0.13539   0.12724   0.11964   0.11267   0.10635   0.10069
  0.21633   0.21566   0.21366   0.21039   0.20593   0.20041   0.19397   0.18676   0.17897   0.17077   0.16233   0.15382   0.14541   0.13722   0.12938   0.12197   0.11508   0.10875   0.10302   0.09788
  0.20162   0.20102   0.19922   0.19627   0.19227   0.18730   0.18151   0.17503   0.16802   0.16064   0.15306   0.14541   0.13784   0.13048   0.12343   0.11677   0.11057   0.10488   0.09972   0.09510
  0.18730   0.18676   0.18516   0.18254   0.17897   0.17455   0.16939   0.16361   0.15737   0.15080   0.14403   0.13722   0.13048   0.12392   0.11763   0.11170   0.10618   0.10111   0.09651   0.09240
  0.17359   0.17311   0.17170   0.16939   0.16623   0.16233   0.15777   0.15268   0.14716   0.14136   0.13539   0.12938   0.12343   0.11763   0.11209   0.10685   0.10198   0.09750   0.09344   0.08981
  0.16064   0.16023   0.15899   0.15697   0.15421   0.15080   0.14681   0.14235   0.13753   0.13246   0.12724   0.12197   0.11677   0.11170   0.10685   0.10227   0.09801   0.09409   0.09054   0.08737
  0.14860   0.14824   0.14716   0.14541   0.14302   0.14006   0.13661   0.13274   0.12857   0.12417   0.11964   0.11508   0.11057   0.10618   0.10198   0.09801   0.09431   0.09092   0.08784   0.08509
  0.13753   0.13722   0.13630   0.13479   0.13274   0.13020   0.12724   0.12392   0.12033   0.11655   0.11267   0.10875   0.10488   0.10111   0.09750   0.09409   0.09092   0.08801   0.08537   0.08300
  0.12750   0.12724   0.12645   0.12517   0.12343   0.12126   0.11874   0.11592   0.11287   0.10965   0.10635   0.10302   0.09972   0.09651   0.09344   0.09054   0.08784   0.08537   0.08312   0.08111
  0.11852   0.11829   0.11763   0.11655   0.11508   0.11326   0.11113   0.10875   0.10618   0.10347   0.10069   0.09788   0.09510   0.09240   0.08981   0.08737   0.08509   0.08300   0.08111   0.07941
