  0.19898   0.19841   0.19670   0.19390   0.19008   0.18533   0.17976   0.17350   0.16669   0.15946   0.15198   0.14437   0.13677   0.12930   0.12207   0.11516   0.10864   0.10257   0.09699   0.09192
  0.19841   0.19784   0.19614   0.19335   0.18954   0.18481   0.17926   0.17303   0.16625   0.15906   0.15160   0.14403   0.13646   0.12902   0.12182   0.11493   0.10844   0.10240   0.09685   0.09179
  0.19670   0.19614   0.19446   0.19171   0.18795   0.18327   0.17780   0.17164   0.16494   0.15784   0.15048   0.14300   0.13553   0.12818   0.12107   0.11427   0.10786   0.10189   0.09641   0.09142
  0.19390   0.19335   0.19171   0.18901   0.18533   0.18075   0.17539   0.16936   0.16280   0.15585   0.14864   0.14131   0.13399   0.12680   0.11983   0.11318   0.10690   0.10106   0.09569   0.09080
  0.19008   0.18954   0.18795   0.18533   0.18175   0.17731   0.17210   0.16625   0.15988   0.15312   0.14612   0.13901   0.13190   0.12492   0.11815   0.11169   0.10559   0.09992   0.09470   0.08996
  0.18533   0.18481   0.18327   0.18075   0.17731   0.17303   0.16801   0.16238   0.15624   0.14974   0.14300   0.13615   0.12930   0.12258   0.11606   0.10984   0.10397   0.09851   0.09348   0.08891
  0.17976   0.17926   0.17780   0.17539   0.17210   0.16801   0.16322   0.15784   0.15198   0.14577   0.13933   0.13279   0.12626   0.11983   0.11361   0.10767   0.10206   0.09685   0.09205   0.08768
  0.17350   0.17303   0.17164   0.16936   0.16625   0.16238   0.15784   0.15274   0.14719   0.14131   0.13522   0.12902   0.12283   0.11675   0.11086   0.10523   0.09992   0.09498   0.09044   0.08630
  0.16669   0.16625   0.16494   0.16280   0.15988   0.15624   0.15198   0.14719   0.14198   0.13646   0.13074   0.12492   0.11911   0.11339   0.10786   0.10257   0.09759   0.09295   0.08868   0.08480
  0.15946   0.15906   0.15784   0.15585   0.15312   0.14974   0.14577   0.14131   0.13646   0.13132   0.12599   0.12057   0.11516   0.10984   0.10468   0.09976   0.09512   0.09080   0.08682   0.08321
  0.15198   0.15160   0.15048   0.14864   0.14612   0.14300   0.13933   0.13522   0.13074   0.12599   0.12107   0.11606   0.11106   0.10615   0.10139   0.09685   0.09256   0.08857   0.08490   0.08156
  0.14437   0.14403   0.14300   0.14131   0.13901   0.13615   0.13279   0.12902   0.12492   0.12057   0.11606   0.11148   0.10690   0.10240   0.09805   0.09388   0.08996   0.08630   0.08294   0.07988
  0.13677   0.13646   0.13553   0.13399   0.13190   0.12930   0.12626   0.12283   0.11911   0.11516   0.11106   0.10690   0.10275   0.09866   0.09470   0.09092   0.08736   0.08404   0.08099   0.07821
  0.12930   0.12902   0.12818   0.12680   0.12492   0.12258   0.11983   0.11675   0.11339   0.10984   0.10615   0.10240   0.09866   0.09498   0.09142   0.08801   0.08480   0.08181   0.07906   0.07656
  0.12207   0.12182   0.12107   0.11983   0.11815   0.11606   0.11361   0.11086   0.10786   0.10468   0.10139   0.09805   0.09470   0.09142   0.08823   0.08519   0.08233   0.07966   0.07720   0.07497
  0.11516   0.11493   0.11427   0.11318   0.11169   0.10984   0.10767   0.10523   0.10257   0.09976   0.09685   0.09388   0.09092   0.08801   0.08519   0.08250   0.07996   0.07760   0.07542   0.07345
  0.10864   0.10844   0.10786   0.10690   0.10559   0.10397   0.10206   0.09992   0.09759   0.09512   0.09256   0.08996   0.08736   0.08480   0.08233   0.07996   0.07773   0.07566   0.07375   0.07201
  0.10257   0.10240   0.10189   0.10106   0.09992   0.09851   0.09685   0.09498   0.09295   0.09080   0.08857   0.08630   0.08404   0.08181   0.07966   0.07760   0.07566   0.07385   0.07219   0.07067
  0.09699   0.09685   0.09641   0.09569   0.09470   0.09348   0.09205   0.09044   0.08868   0.08682   0.08490   0.08294   0.08099   0.07906   0.07720   0.07542   0.07375   0.07219   0.07075   0.06944
  0.09192   0.09179   0.09142   0.09080   0.08996   0.08891   0.08768   0.08630   0.08480   0.08321   0.08156   0.07988   0.07821   0.07656   0.07497   0.07345   0.07201   0.07067   0.06944   0.06833
