  0.02186   0.02184   0.02179   0.02171   0.02160   0.02145   0.02127   0.02106   0.02082   0.02055   0.02025   0.01992   0.01956   0.01917   0.01875   0.01831   0.01784   0.01734   0.01682   0.01628
  0.02184   0.02183   0.02178   0.02169   0.02158   0.02144   0.02126   0.02105   0.02081   0.02054   0.02023   0.01990   0.01954   0.01915   0.01874   0.01829   0.01782   0.01733   0.01681   0.01627
  0.02179   0.02178   0.02173   0.02165   0.02153   0.02139   0.02121   0.02100   0.02076   0.02049   0.02019   0.01985   0.01949   0.01911   0.01869   0.01825   0.01778   0.01728   0.01676   0.01622
  0.02171   0.02169   0.02165   0.02156   0.02145   0.02131   0.02113   0.02092   0.02068   0.02041   0.02011   0.01978   0.01942   0.01903   0.01861   0.01817   0.01770   0.01721   0.01669   0.01615
  0.02160   0.02158   0.02153   0.02145   0.02134   0.02119   0.02102   0.02081   0.02057   0.02030   0.02000   0.01967   0.01931   0.01892   0.01851   0.01806   0.01760   0.01710   0.01659   0.01605
  0.02145   0.02144   0.02139   0.02131   0.02119   0.02105   0.02087   0.02066   0.02042   0.02015   0.01985   0.01953   0.01917   0.01878   0.01837   0.01793   0.01746   0.01697   0.01646   0.01592
  0.02127   0.02126   0.02121   0.02113   0.02102   0.02087   0.02069   0.02049   0.02025   0.01998   0.01968   0.01935   0.01900   0.01861   0.01820   0.01776   0.01730   0.01681   0.01629   0.01576
  0.02106   0.02105   0.02100   0.02092   0.02081   0.02066   0.02049   0.02028   0.02004   0.01978   0.01948   0.01915   0.01880   0.01841   0.01800   0.01757   0.01710   0.01662   0.01611   0.01557
  0.02082   0.02081   0.02076   0.02068   0.02057   0.02042   0.02025   0.02004   0.01981   0.01954   0.01925   0.01892   0.01857   0.01819   0.01778   0.01734   0.01688   0.01640   0.01589   0.01535
  0.02055   0.02054   0.02049   0.02041   0.02030   0.02015   0.01998   0.01978   0.01954   0.01928   0.01898   0.01866   0.01831   0.01793   0.01752   0.01709   0.01663   0.01615   0.01564   0.01511
  0.02025   0.02023   0.02019   0.02011   0.02000   0.01985   0.01968   0.01948   0.01925   0.01898   0.01869   0.01837   0.01802   0.01764   0.01724   0.01681   0.01635   0.01587   0.01537   0.01484
  0.01992   0.01990   0.01985   0.01978   0.01967   0.01953   0.01935   0.01915   0.01892   0.01866   0.01837   0.01805   0.01770   0.01733   0.01693   0.01650   0.01605   0.01557   0.01507   0.01455
  0.01956   0.01954   0.01949   0.01942   0.01931   0.01917   0.01900   0.01880   0.01857   0.01831   0.01802   0.01770   0.01736   0.01699   0.01659   0.01616   0.01571   0.01524   0.01474   0.01422
  0.01917   0.01915   0.01911   0.01903   0.01892   0.01878   0.01861   0.01841   0.01819   0.01793   0.01764   0.01733   0.01699   0.01662   0.01622   0.01580   0.01535   0.01489   0.01439   0.01388
  0.01875   0.01874   0.01869   0.01861   0.01851   0.01837   0.01820   0.01800   0.01778   0.01752   0.01724   0.01693   0.01659   0.01622   0.01583   0.01541   0.01497   0.01450   0.01402   0.01350
  0.01831   0.01829   0.01825   0.01817   0.01806   0.01793   0.01776   0.01757   0.01734   0.01709   0.01681   0.01650   0.01616   0.01580   0.01541   0.01500   0.01456   0.01410   0.01361   0.01311
  0.01784   0.01782   0.01778   0.01770   0.01760   0.01746   0.01730   0.01710   0.01688   0.01663   0.01635   0.01605   0.01571   0.01535   0.01497   0.01456   0.01413   0.01367   0.01319   0.01269
  0.01734   0.01733   0.01728   0.01721   0.01710   0.01697   0.01681   0.01662   0.01640   0.01615   0.01587   0.01557   0.01524   0.01489   0.01450   0.01410   0.01367   0.01322   0.01274   0.01225
  0.01682   0.01681   0.01676   0.01669   0.01659   0.01646   0.01629   0.01611   0.01589   0.01564   0.01537   0.01507   0.01474   0.01439   0.01402   0.01361   0.01319   0.01274   0.01227   0.01178
  0.01628   0.01627   0.01622   0.01615   0.01605   0.01592   0.01576   0.01557   0.01535   0.01511   0.01484   0.01455   0.01422   0.01388   0.01350   0.01311   0.01269   0.01225   0.01178   0.01130
