  0.09853   0.09817   0.09711   0.09538   0.09302   0.09010   0.08669   0.08288   0.07876   0.07442   0.06995   0.06545   0.06100   0.05667   0.05252   0.04860   0.04495   0.04161   0.03857   0.03585
  0.09817   0.09782   0.09676   0.09504   0.09269   0.08979   0.08639   0.08260   0.07849   0.07417   0.06973   0.06525   0.06081   0.05650   0.05237   0.04847   0.04484   0.04151   0.03849   0.03579
  0.09711   0.09676   0.09573   0.09403   0.09171   0.08884   0.08550   0.08175   0.07770   0.07344   0.06906   0.06464   0.06027   0.05602   0.05194   0.04810   0.04452   0.04123   0.03825   0.03559
  0.09538   0.09504   0.09403   0.09236   0.09010   0.08730   0.08403   0.08037   0.07642   0.07225   0.06797   0.06365   0.05938   0.05522   0.05124   0.04749   0.04399   0.04078   0.03787   0.03526
  0.09302   0.09269   0.09171   0.09010   0.08791   0.08520   0.08203   0.07849   0.07466   0.07063   0.06648   0.06230   0.05817   0.05414   0.05029   0.04665   0.04327   0.04016   0.03734   0.03481
  0.09010   0.08979   0.08884   0.08730   0.08520   0.08260   0.07956   0.07616   0.07249   0.06862   0.06464   0.06063   0.05667   0.05281   0.04911   0.04562   0.04237   0.03939   0.03668   0.03426
  0.08669   0.08639   0.08550   0.08403   0.08203   0.07956   0.07667   0.07344   0.06995   0.06627   0.06249   0.05868   0.05491   0.05124   0.04773   0.04441   0.04133   0.03849   0.03592   0.03362
  0.08288   0.08260   0.08175   0.08037   0.07849   0.07616   0.07344   0.07040   0.06711   0.06365   0.06009   0.05650   0.05295   0.04950   0.04619   0.04306   0.04016   0.03749   0.03507   0.03290
  0.07876   0.07849   0.07770   0.07642   0.07466   0.07249   0.06995   0.06711   0.06404   0.06081   0.05749   0.05414   0.05083   0.04761   0.04452   0.04161   0.03889   0.03640   0.03414   0.03212
  0.07442   0.07417   0.07344   0.07225   0.07063   0.06862   0.06627   0.06365   0.06081   0.05783   0.05476   0.05166   0.04860   0.04562   0.04276   0.04007   0.03756   0.03526   0.03317   0.03130
  0.06995   0.06973   0.06906   0.06797   0.06648   0.06464   0.06249   0.06009   0.05749   0.05476   0.05194   0.04911   0.04630   0.04357   0.04096   0.03849   0.03619   0.03408   0.03217   0.03046
  0.06545   0.06525   0.06464   0.06365   0.06230   0.06063   0.05868   0.05650   0.05414   0.05166   0.04911   0.04654   0.04399   0.04151   0.03914   0.03690   0.03481   0.03290   0.03116   0.02961
  0.06100   0.06081   0.06027   0.05938   0.05817   0.05667   0.05491   0.05295   0.05083   0.04860   0.04630   0.04399   0.04170   0.03947   0.03734   0.03532   0.03345   0.03173   0.03017   0.02877
  0.05667   0.05650   0.05602   0.05522   0.05414   0.05281   0.05124   0.04950   0.04761   0.04562   0.04357   0.04151   0.03947   0.03749   0.03559   0.03379   0.03212   0.03059   0.02920   0.02795
  0.05252   0.05237   0.05194   0.05124   0.05029   0.04911   0.04773   0.04619   0.04452   0.04276   0.04096   0.03914   0.03734   0.03559   0.03391   0.03232   0.03085   0.02949   0.02827   0.02717
  0.04860   0.04847   0.04810   0.04749   0.04665   0.04562   0.04441   0.04306   0.04161   0.04007   0.03849   0.03690   0.03532   0.03379   0.03232   0.03094   0.02965   0.02846   0.02739   0.02643
  0.04495   0.04484   0.04452   0.04399   0.04327   0.04237   0.04133   0.04016   0.03889   0.03756   0.03619   0.03481   0.03345   0.03212   0.03085   0.02965   0.02853   0.02750   0.02657   0.02574
  0.04161   0.04151   0.04123   0.04078   0.04016   0.03939   0.03849   0.03749   0.03640   0.03526   0.03408   0.03290   0.03173   0.03059   0.02949   0.02846   0.02750   0.02662   0.02582   0.02511
  0.03857   0.03849   0.03825   0.03787   0.03734   0.03668   0.03592   0.03507   0.03414   0.03317   0.03217   0.03116   0.03017   0.02920   0.02827   0.02739   0.02657   0.02582   0.02514   0.02454
  0.03585   0.03579   0.03559   0.03526   0.03481   0.03426   0.03362   0.03290   0.03212   0.03130   0.03046   0.02961   0.02877   0.02795   0.02717   0.02643   0.02574   0.02511   0.02454   0.02402
