  0.05754   0.05742   0.05707   0.05649   0.05570   0.05471   0.05356   0.05226   0.05085   0.04934   0.04779   0.04620   0.04461   0.04305   0.04153   0.04008   0.03871   0.03743   0.03624   0.03517
  0.05742   0.05730   0.05695   0.05637   0.05559   0.05461   0.05346   0.05216   0.05075   0.04926   0.04771   0.04613   0.04455   0.04299   0.04148   0.04003   0.03866   0.03739   0.03621   0.03514
  0.05707   0.05695   0.05660   0.05603   0.05526   0.05429   0.05315   0.05187   0.05048   0.04901   0.04747   0.04591   0.04435   0.04281   0.04132   0.03989   0.03854   0.03728   0.03612   0.03506
  0.05649   0.05637   0.05603   0.05548   0.05471   0.05376   0.05265   0.05140   0.05004   0.04859   0.04709   0.04556   0.04403   0.04252   0.04106   0.03966   0.03834   0.03710   0.03597   0.03493
  0.05570   0.05559   0.05526   0.05471   0.05397   0.05305   0.05197   0.05075   0.04943   0.04802   0.04656   0.04508   0.04359   0.04213   0.04071   0.03935   0.03806   0.03686   0.03576   0.03475
  0.05471   0.05461   0.05429   0.05376   0.05305   0.05216   0.05112   0.04995   0.04867   0.04732   0.04591   0.04448   0.04305   0.04164   0.04027   0.03896   0.03772   0.03656   0.03550   0.03453
  0.05356   0.05346   0.05315   0.05265   0.05197   0.05112   0.05013   0.04901   0.04779   0.04649   0.04515   0.04378   0.04241   0.04106   0.03975   0.03850   0.03732   0.03621   0.03519   0.03426
  0.05226   0.05216   0.05187   0.05140   0.05075   0.04995   0.04901   0.04794   0.04679   0.04556   0.04429   0.04299   0.04169   0.04041   0.03917   0.03799   0.03686   0.03582   0.03485   0.03397
  0.05085   0.05075   0.05048   0.05004   0.04943   0.04867   0.04779   0.04679   0.04570   0.04455   0.04335   0.04213   0.04091   0.03971   0.03854   0.03743   0.03637   0.03539   0.03448   0.03365
  0.04934   0.04926   0.04901   0.04859   0.04802   0.04732   0.04649   0.04556   0.04455   0.04347   0.04235   0.04122   0.04008   0.03896   0.03787   0.03683   0.03585   0.03493   0.03408   0.03331
  0.04779   0.04771   0.04747   0.04709   0.04656   0.04591   0.04515   0.04429   0.04335   0.04235   0.04132   0.04027   0.03922   0.03818   0.03717   0.03621   0.03530   0.03445   0.03367   0.03296
  0.04620   0.04613   0.04591   0.04556   0.04508   0.04448   0.04378   0.04299   0.04213   0.04122   0.04027   0.03930   0.03834   0.03739   0.03647   0.03558   0.03475   0.03397   0.03325   0.03260
  0.04461   0.04455   0.04435   0.04403   0.04359   0.04305   0.04241   0.04169   0.04091   0.04008   0.03922   0.03834   0.03746   0.03660   0.03576   0.03495   0.03419   0.03349   0.03283   0.03224
  0.04305   0.04299   0.04281   0.04252   0.04213   0.04164   0.04106   0.04041   0.03971   0.03896   0.03818   0.03739   0.03660   0.03582   0.03506   0.03433   0.03365   0.03301   0.03242   0.03188
  0.04153   0.04148   0.04132   0.04106   0.04071   0.04027   0.03975   0.03917   0.03854   0.03787   0.03717   0.03647   0.03576   0.03506   0.03438   0.03373   0.03312   0.03255   0.03202   0.03154
  0.04008   0.04003   0.03989   0.03966   0.03935   0.03896   0.03850   0.03799   0.03743   0.03683   0.03621   0.03558   0.03495   0.03433   0.03373   0.03316   0.03261   0.03211   0.03164   0.03121
  0.03871   0.03866   0.03854   0.03834   0.03806   0.03772   0.03732   0.03686   0.03637   0.03585   0.03530   0.03475   0.03419   0.03365   0.03312   0.03261   0.03213   0.03169   0.03128   0.03090
  0.03743   0.03739   0.03728   0.03710   0.03686   0.03656   0.03621   0.03582   0.03539   0.03493   0.03445   0.03397   0.03349   0.03301   0.03255   0.03211   0.03169   0.03130   0.03094   0.03061
  0.03624   0.03621   0.03612   0.03597   0.03576   0.03550   0.03519   0.03485   0.03448   0.03408   0.03367   0.03325   0.03283   0.03242   0.03202   0.03164   0.03128   0.03094   0.03063   0.03034
  0.03517   0.03514   0.03506   0.03493   0.03475   0.03453   0.03426   0.03397   0.03365   0.03331   0.03296   0.03260   0.03224   0.03188   0.03154   0.03121   0.03090   0.03061   0.03034   0.03010
