  0.07922   0.07899   0.07831   0.07720   0.07568   0.07379   0.07157   0.06907   0.06636   0.06349   0.06051   0.05748   0.05445   0.05148   0.04860   0.04585   0.04325   0.04084   0.03861   0.03659
  0.07899   0.07877   0.07809   0.07698   0.07546   0.07358   0.07137   0.06889   0.06619   0.06332   0.06036   0.05734   0.05433   0.05137   0.04850   0.04576   0.04317   0.04077   0.03855   0.03654
  0.07831   0.07809   0.07742   0.07632   0.07483   0.07297   0.07079   0.06833   0.06567   0.06284   0.05991   0.05693   0.05396   0.05103   0.04820   0.04549   0.04294   0.04056   0.03838   0.03639
  0.07720   0.07698   0.07632   0.07525   0.07379   0.07196   0.06983   0.06743   0.06481   0.06205   0.05918   0.05626   0.05335   0.05048   0.04771   0.04506   0.04256   0.04023   0.03809   0.03615
  0.07568   0.07546   0.07483   0.07379   0.07236   0.07059   0.06852   0.06619   0.06365   0.06096   0.05818   0.05534   0.05251   0.04973   0.04704   0.04446   0.04204   0.03978   0.03770   0.03581
  0.07379   0.07358   0.07297   0.07196   0.07059   0.06889   0.06689   0.06465   0.06220   0.05961   0.05693   0.05420   0.05148   0.04880   0.04621   0.04373   0.04139   0.03922   0.03721   0.03540
  0.07157   0.07137   0.07079   0.06983   0.06852   0.06689   0.06498   0.06284   0.06051   0.05803   0.05547   0.05287   0.05027   0.04771   0.04523   0.04286   0.04063   0.03855   0.03664   0.03491
  0.06907   0.06889   0.06833   0.06743   0.06619   0.06465   0.06284   0.06081   0.05860   0.05626   0.05383   0.05137   0.04890   0.04648   0.04413   0.04189   0.03978   0.03781   0.03600   0.03436
  0.06636   0.06619   0.06567   0.06481   0.06365   0.06220   0.06051   0.05860   0.05653   0.05433   0.05205   0.04973   0.04742   0.04514   0.04294   0.04084   0.03885   0.03700   0.03530   0.03376
  0.06349   0.06332   0.06284   0.06205   0.06096   0.05961   0.05803   0.05626   0.05433   0.05228   0.05016   0.04800   0.04585   0.04373   0.04168   0.03972   0.03787   0.03615   0.03457   0.03313
  0.06051   0.06036   0.05991   0.05918   0.05818   0.05693   0.05547   0.05383   0.05205   0.05016   0.04820   0.04621   0.04422   0.04226   0.04036   0.03855   0.03685   0.03526   0.03380   0.03247
  0.05748   0.05734   0.05693   0.05626   0.05534   0.05420   0.05287   0.05137   0.04973   0.04800   0.04621   0.04438   0.04256   0.04077   0.03903   0.03737   0.03581   0.03436   0.03302   0.03180
  0.05445   0.05433   0.05396   0.05335   0.05251   0.05148   0.05027   0.04890   0.04742   0.04585   0.04422   0.04256   0.04090   0.03928   0.03770   0.03620   0.03478   0.03346   0.03224   0.03114
  0.05148   0.05137   0.05103   0.05048   0.04973   0.04880   0.04771   0.04648   0.04514   0.04373   0.04226   0.04077   0.03928   0.03781   0.03639   0.03504   0.03376   0.03257   0.03148   0.03048
  0.04860   0.04850   0.04820   0.04771   0.04704   0.04621   0.04523   0.04413   0.04294   0.04168   0.04036   0.03903   0.03770   0.03639   0.03513   0.03392   0.03277   0.03171   0.03073   0.02985
  0.04585   0.04576   0.04549   0.04506   0.04446   0.04373   0.04286   0.04189   0.04084   0.03972   0.03855   0.03737   0.03620   0.03504   0.03392   0.03284   0.03183   0.03089   0.03003   0.02924
  0.04325   0.04317   0.04294   0.04256   0.04204   0.04139   0.04063   0.03978   0.03885   0.03787   0.03685   0.03581   0.03478   0.03376   0.03277   0.03183   0.03095   0.03012   0.02936   0.02867
  0.04084   0.04077   0.04056   0.04023   0.03978   0.03922   0.03855   0.03781   0.03700   0.03615   0.03526   0.03436   0.03346   0.03257   0.03171   0.03089   0.03012   0.02940   0.02874   0.02814
  0.03861   0.03855   0.03838   0.03809   0.03770   0.03721   0.03664   0.03600   0.03530   0.03457   0.03380   0.03302   0.03224   0.03148   0.03073   0.03003   0.02936   0.02874   0.02817   0.02765
  0.03659   0.03654   0.03639   0.03615   0.03581   0.03540   0.03491   0.03436   0.03376   0.03313   0.03247   0.03180   0.03114   0.03048   0.02985   0.02924   0.02867   0.02814   0.02765   0.02720
