  0.01573   0.01570   0.01560   0.01544   0.01523   0.01496   0.01464   0.01429   0.01390   0.01349   0.01306   0.01263   0.01220   0.01177   0.01135   0.01096   0.01058   0.01023   0.00991   0.00961
  0.01570   0.01567   0.01557   0.01541   0.01520   0.01493   0.01462   0.01426   0.01388   0.01347   0.01304   0.01261   0.01218   0.01175   0.01134   0.01094   0.01057   0.01022   0.00990   0.00961
  0.01560   0.01557   0.01548   0.01532   0.01511   0.01484   0.01453   0.01418   0.01380   0.01340   0.01298   0.01255   0.01213   0.01171   0.01130   0.01091   0.01054   0.01019   0.00987   0.00958
  0.01544   0.01541   0.01532   0.01517   0.01496   0.01470   0.01440   0.01405   0.01368   0.01329   0.01287   0.01246   0.01204   0.01163   0.01123   0.01084   0.01048   0.01014   0.00983   0.00955
  0.01523   0.01520   0.01511   0.01496   0.01476   0.01450   0.01421   0.01388   0.01351   0.01313   0.01273   0.01232   0.01192   0.01152   0.01113   0.01076   0.01041   0.01008   0.00978   0.00950
  0.01496   0.01493   0.01484   0.01470   0.01450   0.01426   0.01398   0.01366   0.01331   0.01294   0.01255   0.01216   0.01177   0.01138   0.01101   0.01065   0.01031   0.01000   0.00970   0.00944
  0.01464   0.01462   0.01453   0.01440   0.01421   0.01398   0.01370   0.01340   0.01306   0.01271   0.01234   0.01197   0.01159   0.01123   0.01087   0.01053   0.01020   0.00990   0.00962   0.00937
  0.01429   0.01426   0.01418   0.01405   0.01388   0.01366   0.01340   0.01311   0.01279   0.01246   0.01211   0.01175   0.01140   0.01105   0.01071   0.01039   0.01008   0.00979   0.00953   0.00929
  0.01390   0.01388   0.01380   0.01368   0.01351   0.01331   0.01306   0.01279   0.01249   0.01218   0.01185   0.01152   0.01118   0.01086   0.01054   0.01023   0.00994   0.00967   0.00943   0.00920
  0.01349   0.01347   0.01340   0.01329   0.01313   0.01294   0.01271   0.01246   0.01218   0.01188   0.01158   0.01127   0.01096   0.01065   0.01035   0.01007   0.00980   0.00955   0.00932   0.00911
  0.01306   0.01304   0.01298   0.01287   0.01273   0.01255   0.01234   0.01211   0.01185   0.01158   0.01130   0.01101   0.01072   0.01044   0.01016   0.00990   0.00965   0.00942   0.00921   0.00901
  0.01263   0.01261   0.01255   0.01246   0.01232   0.01216   0.01197   0.01175   0.01152   0.01127   0.01101   0.01075   0.01048   0.01022   0.00997   0.00973   0.00950   0.00929   0.00909   0.00891
  0.01220   0.01218   0.01213   0.01204   0.01192   0.01177   0.01159   0.01140   0.01118   0.01096   0.01072   0.01048   0.01024   0.01001   0.00978   0.00956   0.00935   0.00915   0.00898   0.00881
  0.01177   0.01175   0.01171   0.01163   0.01152   0.01138   0.01123   0.01105   0.01086   0.01065   0.01044   0.01022   0.01001   0.00979   0.00958   0.00939   0.00920   0.00902   0.00886   0.00872
  0.01135   0.01134   0.01130   0.01123   0.01113   0.01101   0.01087   0.01071   0.01054   0.01035   0.01016   0.00997   0.00978   0.00958   0.00940   0.00922   0.00905   0.00890   0.00875   0.00862
  0.01096   0.01094   0.01091   0.01084   0.01076   0.01065   0.01053   0.01039   0.01023   0.01007   0.00990   0.00973   0.00956   0.00939   0.00922   0.00906   0.00892   0.00878   0.00865   0.00853
  0.01058   0.01057   0.01054   0.01048   0.01041   0.01031   0.01020   0.01008   0.00994   0.00980   0.00965   0.00950   0.00935   0.00920   0.00905   0.00892   0.00879   0.00866   0.00855   0.00845
  0.01023   0.01022   0.01019   0.01014   0.01008   0.01000   0.00990   0.00979   0.00967   0.00955   0.00942   0.00929   0.00915   0.00902   0.00890   0.00878   0.00866   0.00856   0.00846   0.00837
  0.00991   0.00990   0.00987   0.00983   0.00978   0.00970   0.00962   0.00953   0.00943   0.00932   0.00921   0.00909   0.00898   0.00886   0.00875   0.00865   0.00855   0.00846   0.00837   0.00829
  0.00961   0.00961   0.00958   0.00955   0.00950   0.00944   0.00937   0.00929   0.00920   0.00911   0.00901   0.00891   0.00881   0.00872   0.00862   0.00853   0.00845   0.00837   0.00829   0.00823
