  0.02383   0.02380   0.02370   0.02354   0.02332   0.02305   0.02272   0.02235   0.02195   0.02152   0.02106   0.02060   0.02013   0.01966   0.01919   0.01874   0.01831   0.01790   0.01751   0.01716
  0.02380   0.02377   0.02367   0.02351   0.02329   0.02302   0.02269   0.02233   0.02192   0.02149   0.02104   0.02058   0.02011   0.01964   0.01918   0.01873   0.01830   0.01789   0.01750   0.01715
  0.02370   0.02367   0.02357   0.02342   0.02320   0.02293   0.02261   0.02224   0.02185   0.02142   0.02097   0.02051   0.02005   0.01958   0.01913   0.01868   0.01826   0.01785   0.01747   0.01712
  0.02354   0.02351   0.02342   0.02326   0.02305   0.02278   0.02247   0.02211   0.02172   0.02130   0.02086   0.02041   0.01995   0.01950   0.01905   0.01861   0.01819   0.01780   0.01742   0.01708
  0.02332   0.02329   0.02320   0.02305   0.02284   0.02258   0.02227   0.02192   0.02154   0.02113   0.02071   0.02027   0.01982   0.01938   0.01894   0.01851   0.01811   0.01772   0.01735   0.01702
  0.02305   0.02302   0.02293   0.02278   0.02258   0.02233   0.02203   0.02169   0.02132   0.02093   0.02051   0.02009   0.01966   0.01923   0.01880   0.01839   0.01800   0.01762   0.01727   0.01694
  0.02272   0.02269   0.02261   0.02247   0.02227   0.02203   0.02174   0.02142   0.02106   0.02068   0.02029   0.01988   0.01946   0.01905   0.01864   0.01825   0.01787   0.01750   0.01717   0.01685
  0.02235   0.02233   0.02224   0.02211   0.02192   0.02169   0.02142   0.02111   0.02077   0.02041   0.02003   0.01964   0.01924   0.01885   0.01846   0.01808   0.01772   0.01737   0.01705   0.01675
  0.02195   0.02192   0.02185   0.02172   0.02154   0.02132   0.02106   0.02077   0.02045   0.02011   0.01975   0.01938   0.01900   0.01863   0.01826   0.01790   0.01756   0.01723   0.01692   0.01664
  0.02152   0.02149   0.02142   0.02130   0.02113   0.02093   0.02068   0.02041   0.02011   0.01978   0.01944   0.01910   0.01874   0.01839   0.01804   0.01771   0.01738   0.01708   0.01679   0.01652
  0.02106   0.02104   0.02097   0.02086   0.02071   0.02051   0.02029   0.02003   0.01975   0.01944   0.01913   0.01880   0.01847   0.01814   0.01782   0.01750   0.01720   0.01692   0.01665   0.01640
  0.02060   0.02058   0.02051   0.02041   0.02027   0.02009   0.01988   0.01964   0.01938   0.01910   0.01880   0.01850   0.01819   0.01789   0.01759   0.01730   0.01702   0.01675   0.01650   0.01627
  0.02013   0.02011   0.02005   0.01995   0.01982   0.01966   0.01946   0.01924   0.01900   0.01874   0.01847   0.01819   0.01791   0.01763   0.01735   0.01709   0.01683   0.01658   0.01635   0.01614
  0.01966   0.01964   0.01958   0.01950   0.01938   0.01923   0.01905   0.01885   0.01863   0.01839   0.01814   0.01789   0.01763   0.01737   0.01712   0.01687   0.01664   0.01641   0.01620   0.01601
  0.01919   0.01918   0.01913   0.01905   0.01894   0.01880   0.01864   0.01846   0.01826   0.01804   0.01782   0.01759   0.01735   0.01712   0.01689   0.01667   0.01645   0.01625   0.01606   0.01588
  0.01874   0.01873   0.01868   0.01861   0.01851   0.01839   0.01825   0.01808   0.01790   0.01771   0.01750   0.01730   0.01709   0.01687   0.01667   0.01647   0.01627   0.01609   0.01592   0.01576
  0.01831   0.01830   0.01826   0.01819   0.01811   0.01800   0.01787   0.01772   0.01756   0.01738   0.01720   0.01702   0.01683   0.01664   0.01645   0.01627   0.01610   0.01594   0.01578   0.01564
  0.01790   0.01789   0.01785   0.01780   0.01772   0.01762   0.01750   0.01737   0.01723   0.01708   0.01692   0.01675   0.01658   0.01641   0.01625   0.01609   0.01594   0.01579   0.01565   0.01553
  0.01751   0.01750   0.01747   0.01742   0.01735   0.01727   0.01717   0.01705   0.01692   0.01679   0.01665   0.01650   0.01635   0.01620   0.01606   0.01592   0.01578   0.01565   0.01553   0.01542
  0.01716   0.01715   0.01712   0.01708   0.01702   0.01694   0.01685   0.01675   0.01664   0.01652   0.01640   0.01627   0.01614   0.01601   0.01588   0.01576   0.01564   0.01553   0.01542   0.01532
