  0.01631   0.01630   0.01627   0.01622   0.01616   0.01607   0.01597   0.01584   0.01570   0.01553   0.01535   0.01515   0.01493   0.01470   0.01444   0.01417   0.01387   0.01356   0.01323   0.01289
  0.01630   0.01629   0.01626   0.01621   0.01615   0.01606   0.01596   0.01583   0.01569   0.01553   0.01534   0.01514   0.01493   0.01469   0.01443   0.01416   0.01386   0.01355   0.01323   0.01288
  0.01627   0.01626   0.01623   0.01619   0.01612   0.01603   0.01593   0.01580   0.01566   0.01550   0.01532   0.01512   0.01490   0.01466   0.01440   0.01413   0.01384   0.01353   0.01320   0.01285
  0.01622   0.01621   0.01619   0.01614   0.01607   0.01598   0.01588   0.01575   0.01561   0.01545   0.01527   0.01507   0.01485   0.01461   0.01436   0.01408   0.01379   0.01348   0.01315   0.01280
  0.01616   0.01615   0.01612   0.01607   0.01600   0.01592   0.01581   0.01569   0.01554   0.01538   0.01520   0.01500   0.01478   0.01455   0.01429   0.01402   0.01372   0.01341   0.01308   0.01274
  0.01607   0.01606   0.01603   0.01598   0.01592   0.01583   0.01573   0.01560   0.01546   0.01530   0.01512   0.01492   0.01470   0.01446   0.01420   0.01393   0.01364   0.01333   0.01300   0.01265
  0.01597   0.01596   0.01593   0.01588   0.01581   0.01573   0.01562   0.01550   0.01535   0.01519   0.01501   0.01481   0.01459   0.01436   0.01410   0.01383   0.01354   0.01323   0.01290   0.01255
  0.01584   0.01583   0.01580   0.01575   0.01569   0.01560   0.01550   0.01537   0.01523   0.01507   0.01489   0.01469   0.01447   0.01423   0.01398   0.01370   0.01341   0.01310   0.01278   0.01243
  0.01570   0.01569   0.01566   0.01561   0.01554   0.01546   0.01535   0.01523   0.01509   0.01493   0.01474   0.01455   0.01433   0.01409   0.01384   0.01356   0.01327   0.01296   0.01264   0.01229
  0.01553   0.01553   0.01550   0.01545   0.01538   0.01530   0.01519   0.01507   0.01493   0.01476   0.01458   0.01438   0.01417   0.01393   0.01368   0.01340   0.01311   0.01280   0.01248   0.01213
  0.01535   0.01534   0.01532   0.01527   0.01520   0.01512   0.01501   0.01489   0.01474   0.01458   0.01440   0.01420   0.01399   0.01375   0.01350   0.01323   0.01293   0.01263   0.01230   0.01196
  0.01515   0.01514   0.01512   0.01507   0.01500   0.01492   0.01481   0.01469   0.01455   0.01438   0.01420   0.01401   0.01379   0.01355   0.01330   0.01303   0.01274   0.01243   0.01210   0.01176
  0.01493   0.01493   0.01490   0.01485   0.01478   0.01470   0.01459   0.01447   0.01433   0.01417   0.01399   0.01379   0.01357   0.01334   0.01308   0.01281   0.01252   0.01222   0.01189   0.01155
  0.01470   0.01469   0.01466   0.01461   0.01455   0.01446   0.01436   0.01423   0.01409   0.01393   0.01375   0.01355   0.01334   0.01310   0.01285   0.01258   0.01229   0.01198   0.01166   0.01132
  0.01444   0.01443   0.01440   0.01436   0.01429   0.01420   0.01410   0.01398   0.01384   0.01368   0.01350   0.01330   0.01308   0.01285   0.01260   0.01233   0.01204   0.01173   0.01141   0.01107
  0.01417   0.01416   0.01413   0.01408   0.01402   0.01393   0.01383   0.01370   0.01356   0.01340   0.01323   0.01303   0.01281   0.01258   0.01233   0.01206   0.01177   0.01146   0.01114   0.01080
  0.01387   0.01386   0.01384   0.01379   0.01372   0.01364   0.01354   0.01341   0.01327   0.01311   0.01293   0.01274   0.01252   0.01229   0.01204   0.01177   0.01148   0.01118   0.01085   0.01051
  0.01356   0.01355   0.01353   0.01348   0.01341   0.01333   0.01323   0.01310   0.01296   0.01280   0.01263   0.01243   0.01222   0.01198   0.01173   0.01146   0.01118   0.01087   0.01055   0.01021
  0.01323   0.01323   0.01320   0.01315   0.01308   0.01300   0.01290   0.01278   0.01264   0.01248   0.01230   0.01210   0.01189   0.01166   0.01141   0.01114   0.01085   0.01055   0.01023   0.00989
  0.01289   0.01288   0.01285   0.01280   0.01274   0.01265   0.01255   0.01243   0.01229   0.01213   0.01196   0.01176   0.01155   0.01132   0.01107   0.01080   0.01051   0.01021   0.00989   0.00955
