  0.16692   0.16660   0.16564   0.16406   0.16188   0.15912   0.15584   0.15208   0.14789   0.14333   0.13845   0.13332   0.12801   0.12257   0.11706   0.11155   0.10608   0.10070   0.09547   0.09041
  0.16660   0.16628   0.16532   0.16375   0.16157   0.15882   0.15555   0.15180   0.14762   0.14306   0.13820   0.13309   0.12778   0.12236   0.11686   0.11136   0.10591   0.10055   0.09532   0.09028
  0.16564   0.16532   0.16437   0.16281   0.16065   0.15792   0.15467   0.15095   0.14680   0.14228   0.13745   0.13238   0.12711   0.12173   0.11628   0.11082   0.10540   0.10008   0.09490   0.08989
  0.16406   0.16375   0.16281   0.16126   0.15912   0.15643   0.15323   0.14955   0.14545   0.14099   0.13622   0.13121   0.12601   0.12069   0.11531   0.10991   0.10457   0.09931   0.09419   0.08925
  0.16188   0.16157   0.16065   0.15912   0.15703   0.15438   0.15123   0.14762   0.14359   0.13920   0.13452   0.12959   0.12449   0.11926   0.11397   0.10867   0.10342   0.09825   0.09322   0.08836
  0.15912   0.15882   0.15792   0.15643   0.15438   0.15180   0.14872   0.14518   0.14125   0.13696   0.13238   0.12756   0.12257   0.11746   0.11228   0.10710   0.10197   0.09692   0.09200   0.08725
  0.15584   0.15555   0.15467   0.15323   0.15123   0.14872   0.14572   0.14228   0.13845   0.13428   0.12982   0.12514   0.12028   0.11531   0.11027   0.10523   0.10024   0.09532   0.09054   0.08592
  0.15208   0.15180   0.15095   0.14955   0.14762   0.14518   0.14228   0.13895   0.13524   0.13121   0.12689   0.12236   0.11765   0.11284   0.10797   0.10309   0.09825   0.09350   0.08887   0.08439
  0.14789   0.14762   0.14680   0.14545   0.14359   0.14125   0.13845   0.13524   0.13167   0.12778   0.12363   0.11926   0.11473   0.11009   0.10540   0.10070   0.09604   0.09146   0.08700   0.08269
  0.14333   0.14306   0.14228   0.14099   0.13920   0.13696   0.13428   0.13121   0.12778   0.12406   0.12007   0.11589   0.11155   0.10710   0.10261   0.09810   0.09364   0.08925   0.08497   0.08084
  0.13845   0.13820   0.13745   0.13622   0.13452   0.13238   0.12982   0.12689   0.12363   0.12007   0.11628   0.11228   0.10814   0.10391   0.09962   0.09532   0.09107   0.08688   0.08280   0.07886
  0.13332   0.13309   0.13238   0.13121   0.12959   0.12756   0.12514   0.12236   0.11926   0.11589   0.11228   0.10849   0.10457   0.10055   0.09648   0.09240   0.08836   0.08439   0.08052   0.07678
  0.12801   0.12778   0.12711   0.12601   0.12449   0.12257   0.12028   0.11765   0.11473   0.11155   0.10814   0.10457   0.10086   0.09706   0.09322   0.08937   0.08556   0.08181   0.07816   0.07463
  0.12257   0.12236   0.12173   0.12069   0.11926   0.11746   0.11531   0.11284   0.11009   0.10710   0.10391   0.10055   0.09706   0.09350   0.08989   0.08628   0.08269   0.07917   0.07574   0.07242
  0.11706   0.11686   0.11628   0.11531   0.11397   0.11228   0.11027   0.10797   0.10540   0.10261   0.09962   0.09648   0.09322   0.08989   0.08652   0.08314   0.07979   0.07650   0.07329   0.07019
  0.11155   0.11136   0.11082   0.10991   0.10867   0.10710   0.10523   0.10309   0.10070   0.09810   0.09532   0.09240   0.08937   0.08628   0.08314   0.08000   0.07688   0.07382   0.07084   0.06795
  0.10608   0.10591   0.10540   0.10457   0.10342   0.10197   0.10024   0.09825   0.09604   0.09364   0.09107   0.08836   0.08556   0.08269   0.07979   0.07688   0.07400   0.07116   0.06840   0.06574
  0.10070   0.10055   0.10008   0.09931   0.09825   0.09692   0.09532   0.09350   0.09146   0.08925   0.08688   0.08439   0.08181   0.07917   0.07650   0.07382   0.07116   0.06855   0.06601   0.06356
  0.09547   0.09532   0.09490   0.09419   0.09322   0.09200   0.09054   0.08887   0.08700   0.08497   0.08280   0.08052   0.07816   0.07574   0.07329   0.07084   0.06840   0.06601   0.06368   0.06143
  0.09041   0.09028   0.08989   0.08925   0.08836   0.08725   0.08592   0.08439   0.08269   0.08084   0.07886   0.07678   0.07463   0.07242   0.07019   0.06795   0.06574   0.06356   0.06143   0.05938
