  0.04547   0.04541   0.04522   0.04491   0.04449   0.04397   0.04335   0.04265   0.04187   0.04105   0.04019   0.03930   0.03840   0.03750   0.03662   0.03576   0.03493   0.03415   0.03341   0.03273
  0.04541   0.04534   0.04516   0.04485   0.04443   0.04391   0.04329   0.04259   0.04182   0.04100   0.04014   0.03926   0.03836   0.03746   0.03658   0.03573   0.03491   0.03413   0.03339   0.03271
  0.04522   0.04516   0.04497   0.04467   0.04426   0.04374   0.04313   0.04244   0.04168   0.04086   0.04001   0.03914   0.03825   0.03736   0.03649   0.03565   0.03483   0.03406   0.03334   0.03266
  0.04491   0.04485   0.04467   0.04437   0.04397   0.04346   0.04286   0.04218   0.04143   0.04063   0.03980   0.03894   0.03806   0.03719   0.03634   0.03551   0.03471   0.03395   0.03324   0.03258
  0.04449   0.04443   0.04426   0.04397   0.04357   0.04307   0.04249   0.04182   0.04110   0.04032   0.03950   0.03866   0.03781   0.03697   0.03613   0.03532   0.03454   0.03380   0.03311   0.03246
  0.04397   0.04391   0.04374   0.04346   0.04307   0.04259   0.04203   0.04138   0.04068   0.03993   0.03914   0.03832   0.03750   0.03668   0.03587   0.03508   0.03433   0.03362   0.03294   0.03232
  0.04335   0.04329   0.04313   0.04286   0.04249   0.04203   0.04148   0.04086   0.04019   0.03946   0.03870   0.03792   0.03713   0.03634   0.03556   0.03481   0.03408   0.03339   0.03275   0.03215
  0.04265   0.04259   0.04244   0.04218   0.04182   0.04138   0.04086   0.04027   0.03963   0.03894   0.03821   0.03746   0.03671   0.03596   0.03521   0.03449   0.03380   0.03315   0.03253   0.03195
  0.04187   0.04182   0.04168   0.04143   0.04110   0.04068   0.04019   0.03963   0.03902   0.03836   0.03767   0.03697   0.03625   0.03554   0.03483   0.03415   0.03349   0.03287   0.03229   0.03174
  0.04105   0.04100   0.04086   0.04063   0.04032   0.03993   0.03946   0.03894   0.03836   0.03774   0.03710   0.03643   0.03576   0.03508   0.03442   0.03378   0.03316   0.03258   0.03203   0.03152
  0.04019   0.04014   0.04001   0.03980   0.03950   0.03914   0.03870   0.03821   0.03767   0.03710   0.03649   0.03587   0.03524   0.03461   0.03399   0.03339   0.03282   0.03227   0.03176   0.03128
  0.03930   0.03926   0.03914   0.03894   0.03866   0.03832   0.03792   0.03746   0.03697   0.03643   0.03587   0.03529   0.03471   0.03413   0.03355   0.03300   0.03246   0.03195   0.03148   0.03103
  0.03840   0.03836   0.03825   0.03806   0.03781   0.03750   0.03713   0.03671   0.03625   0.03576   0.03524   0.03471   0.03417   0.03364   0.03311   0.03259   0.03210   0.03163   0.03120   0.03079
  0.03750   0.03746   0.03736   0.03719   0.03697   0.03668   0.03634   0.03596   0.03554   0.03508   0.03461   0.03413   0.03364   0.03315   0.03266   0.03219   0.03174   0.03132   0.03091   0.03054
  0.03662   0.03658   0.03649   0.03634   0.03613   0.03587   0.03556   0.03521   0.03483   0.03442   0.03399   0.03355   0.03311   0.03266   0.03222   0.03180   0.03139   0.03100   0.03064   0.03030
  0.03576   0.03573   0.03565   0.03551   0.03532   0.03508   0.03481   0.03449   0.03415   0.03378   0.03339   0.03300   0.03259   0.03219   0.03180   0.03141   0.03105   0.03070   0.03037   0.03006
  0.03493   0.03491   0.03483   0.03471   0.03454   0.03433   0.03408   0.03380   0.03349   0.03316   0.03282   0.03246   0.03210   0.03174   0.03139   0.03105   0.03072   0.03040   0.03011   0.02984
  0.03415   0.03413   0.03406   0.03395   0.03380   0.03362   0.03339   0.03315   0.03287   0.03258   0.03227   0.03195   0.03163   0.03132   0.03100   0.03070   0.03040   0.03012   0.02986   0.02962
  0.03341   0.03339   0.03334   0.03324   0.03311   0.03294   0.03275   0.03253   0.03229   0.03203   0.03176   0.03148   0.03120   0.03091   0.03064   0.03037   0.03011   0.02986   0.02963   0.02942
  0.03273   0.03271   0.03266   0.03258   0.03246   0.03232   0.03215   0.03195   0.03174   0.03152   0.03128   0.03103   0.03079   0.03054   0.03030   0.03006   0.02984   0.02962   0.02942   0.02923
