  0.26775   0.26701   0.26481   0.26119   0.25622   0.25001   0.24267   0.23435   0.22519   0.21537   0.20504   0.19438   0.18355   0.17270   0.16199   0.15152   0.14143   0.13180   0.12270   0.11420
  0.26701   0.26627   0.26408   0.26047   0.25552   0.24933   0.24202   0.23372   0.22460   0.21480   0.20451   0.19389   0.18310   0.17229   0.16161   0.15118   0.14112   0.13152   0.12246   0.11398
  0.26481   0.26408   0.26191   0.25834   0.25344   0.24731   0.24007   0.23186   0.22283   0.21314   0.20295   0.19243   0.18175   0.17105   0.16048   0.15016   0.14020   0.13070   0.12173   0.11334
  0.26119   0.26047   0.25834   0.25482   0.25001   0.24398   0.23687   0.22880   0.21992   0.21039   0.20038   0.19004   0.17954   0.16902   0.15863   0.14848   0.13869   0.12935   0.12053   0.11229
  0.25622   0.25552   0.25344   0.25001   0.24531   0.23943   0.23248   0.22460   0.21593   0.20662   0.19685   0.18676   0.17650   0.16623   0.15609   0.14618   0.13662   0.12750   0.11889   0.11084
  0.25001   0.24933   0.24731   0.24398   0.23943   0.23372   0.22698   0.21934   0.21094   0.20191   0.19243   0.18265   0.17270   0.16275   0.15291   0.14330   0.13403   0.12519   0.11684   0.10903
  0.24267   0.24202   0.24007   0.23687   0.23248   0.22698   0.22050   0.21314   0.20504   0.19635   0.18722   0.17779   0.16822   0.15863   0.14915   0.13990   0.13097   0.12246   0.11441   0.10689
  0.23435   0.23372   0.23186   0.22880   0.22460   0.21934   0.21314   0.20609   0.19835   0.19004   0.18130   0.17229   0.16313   0.15396   0.14489   0.13604   0.12750   0.11936   0.11166   0.10447
  0.22519   0.22460   0.22283   0.21992   0.21593   0.21094   0.20504   0.19835   0.19099   0.18310   0.17480   0.16623   0.15753   0.14882   0.14020   0.13180   0.12369   0.11595   0.10864   0.10180
  0.21537   0.21480   0.21314   0.21039   0.20662   0.20191   0.19635   0.19004   0.18310   0.17565   0.16782   0.15974   0.15152   0.14330   0.13518   0.12724   0.11959   0.11229   0.10539   0.09894
  0.20504   0.20451   0.20295   0.20038   0.19685   0.19243   0.18722   0.18130   0.17480   0.16782   0.16048   0.15291   0.14521   0.13751   0.12989   0.12246   0.11528   0.10844   0.10198   0.09593
  0.19438   0.19389   0.19243   0.19004   0.18676   0.18265   0.17779   0.17229   0.16623   0.15974   0.15291   0.14586   0.13869   0.13152   0.12443   0.11752   0.11084   0.10447   0.09845   0.09283
  0.18355   0.18310   0.18175   0.17954   0.17650   0.17270   0.16822   0.16313   0.15753   0.15152   0.14521   0.13869   0.13207   0.12544   0.11889   0.11250   0.10632   0.10044   0.09487   0.08968
  0.17270   0.17229   0.17105   0.16902   0.16623   0.16275   0.15863   0.15396   0.14882   0.14330   0.13751   0.13152   0.12544   0.11936   0.11334   0.10747   0.10180   0.09640   0.09129   0.08652
  0.16199   0.16161   0.16048   0.15863   0.15609   0.15291   0.14915   0.14489   0.14020   0.13518   0.12989   0.12443   0.11889   0.11334   0.10785   0.10250   0.09733   0.09240   0.08775   0.08340
  0.15152   0.15118   0.15016   0.14848   0.14618   0.14330   0.13990   0.13604   0.13180   0.12724   0.12246   0.11752   0.11250   0.10747   0.10250   0.09765   0.09297   0.08851   0.08429   0.08035
  0.14143   0.14112   0.14020   0.13869   0.13662   0.13403   0.13097   0.12750   0.12369   0.11959   0.11528   0.11084   0.10632   0.10180   0.09733   0.09297   0.08876   0.08475   0.08096   0.07741
  0.13180   0.13152   0.13070   0.12935   0.12750   0.12519   0.12246   0.11936   0.11595   0.11229   0.10844   0.10447   0.10044   0.09640   0.09240   0.08851   0.08475   0.08116   0.07777   0.07460
  0.12270   0.12246   0.12173   0.12053   0.11889   0.11684   0.11441   0.11166   0.10864   0.10539   0.10198   0.09845   0.09487   0.09129   0.08775   0.08429   0.08096   0.07777   0.07477   0.07196
  0.11420   0.11398   0.11334   0.11229   0.11084   0.10903   0.10689   0.10447   0.10180   0.09894   0.09593   0.09283   0.08968   0.08652   0.08340   0.08035   0.07741   0.07460   0.07196   0.06948
