  0.14122   0.14078   0.13948   0.13734   0.13443   0.13084   0.12665   0.12197   0.11693   0.11163   0.10619   0.10073   0.09535   0.09013   0.08515   0.08048   0.07615   0.07219   0.06862   0.06544
  0.14078   0.14034   0.13904   0.13692   0.13403   0.13045   0.12628   0.12162   0.11660   0.11133   0.10592   0.10049   0.09513   0.08994   0.08498   0.08033   0.07602   0.07208   0.06853   0.06536
  0.13948   0.13904   0.13776   0.13567   0.13282   0.12929   0.12518   0.12059   0.11564   0.11044   0.10511   0.09975   0.09447   0.08935   0.08447   0.07988   0.07563   0.07175   0.06825   0.06513
  0.13734   0.13692   0.13567   0.13362   0.13084   0.12739   0.12338   0.11890   0.11407   0.10899   0.10379   0.09856   0.09340   0.08840   0.08363   0.07915   0.07500   0.07121   0.06779   0.06475
  0.13443   0.13403   0.13282   0.13084   0.12815   0.12482   0.12093   0.11660   0.11193   0.10702   0.10198   0.09693   0.09194   0.08711   0.08249   0.07816   0.07415   0.07048   0.06718   0.06423
  0.13084   0.13045   0.12929   0.12739   0.12482   0.12162   0.11791   0.11376   0.10928   0.10458   0.09975   0.09491   0.09013   0.08550   0.08109   0.07693   0.07309   0.06958   0.06641   0.06359
  0.12665   0.12628   0.12518   0.12338   0.12093   0.11791   0.11438   0.11044   0.10619   0.10173   0.09716   0.09256   0.08803   0.08363   0.07944   0.07551   0.07186   0.06853   0.06552   0.06285
  0.12197   0.12162   0.12059   0.11890   0.11660   0.11376   0.11044   0.10674   0.10275   0.09856   0.09426   0.08994   0.08568   0.08155   0.07761   0.07391   0.07048   0.06735   0.06453   0.06201
  0.11693   0.11660   0.11564   0.11407   0.11193   0.10928   0.10619   0.10275   0.09903   0.09513   0.09113   0.08711   0.08314   0.07930   0.07563   0.07219   0.06900   0.06608   0.06345   0.06111
  0.11163   0.11133   0.11044   0.10899   0.10702   0.10458   0.10173   0.09856   0.09513   0.09153   0.08784   0.08413   0.08048   0.07693   0.07356   0.07038   0.06744   0.06475   0.06233   0.06017
  0.10619   0.10592   0.10511   0.10379   0.10198   0.09975   0.09716   0.09426   0.09113   0.08784   0.08447   0.08109   0.07775   0.07451   0.07143   0.06853   0.06584   0.06338   0.06117   0.05920
  0.10073   0.10049   0.09975   0.09856   0.09693   0.09491   0.09256   0.08994   0.08711   0.08413   0.08109   0.07802   0.07500   0.07208   0.06929   0.06666   0.06423   0.06201   0.06001   0.05823
  0.09535   0.09513   0.09447   0.09340   0.09194   0.09013   0.08803   0.08568   0.08314   0.08048   0.07775   0.07500   0.07230   0.06968   0.06718   0.06483   0.06265   0.06066   0.05887   0.05727
  0.09013   0.08994   0.08935   0.08840   0.08711   0.08550   0.08363   0.08155   0.07930   0.07693   0.07451   0.07208   0.06968   0.06735   0.06513   0.06305   0.06111   0.05935   0.05776   0.05634
  0.08515   0.08498   0.08447   0.08363   0.08249   0.08109   0.07944   0.07761   0.07563   0.07356   0.07143   0.06929   0.06718   0.06513   0.06318   0.06135   0.05965   0.05810   0.05670   0.05545
  0.08048   0.08033   0.07988   0.07915   0.07816   0.07693   0.07551   0.07391   0.07219   0.07038   0.06853   0.06666   0.06483   0.06305   0.06135   0.05975   0.05827   0.05692   0.05570   0.05462
  0.07615   0.07602   0.07563   0.07500   0.07415   0.07309   0.07186   0.07048   0.06900   0.06744   0.06584   0.06423   0.06265   0.06111   0.05965   0.05827   0.05700   0.05583   0.05478   0.05385
  0.07219   0.07208   0.07175   0.07121   0.07048   0.06958   0.06853   0.06735   0.06608   0.06475   0.06338   0.06201   0.06066   0.05935   0.05810   0.05692   0.05583   0.05484   0.05394   0.05314
  0.06862   0.06853   0.06825   0.06779   0.06718   0.06641   0.06552   0.06453   0.06345   0.06233   0.06117   0.06001   0.05887   0.05776   0.05670   0.05570   0.05478   0.05394   0.05318   0.05251
  0.06544   0.06536   0.06513   0.06475   0.06423   0.06359   0.06285   0.06201   0.06111   0.06017   0.05920   0.05823   0.05727   0.05634   0.05545   0.05462   0.05385   0.05314   0.05251   0.05194
