  0.17522   0.17486   0.17379   0.17202   0.16959   0.16654   0.16292   0.15881   0.15426   0.14936   0.14417   0.13879   0.13328   0.12771   0.12217   0.11670   0.11138   0.10625   0.10135   0.09671
  0.17486   0.17450   0.17343   0.17167   0.16924   0.16620   0.16260   0.15850   0.15397   0.14908   0.14391   0.13854   0.13304   0.12750   0.12197   0.11652   0.11122   0.10610   0.10122   0.09659
  0.17379   0.17343   0.17237   0.17062   0.16822   0.16521   0.16164   0.15758   0.15309   0.14824   0.14312   0.13780   0.13236   0.12686   0.12138   0.11599   0.11073   0.10566   0.10082   0.09624
  0.17202   0.17167   0.17062   0.16890   0.16654   0.16357   0.16006   0.15606   0.15164   0.14687   0.14182   0.13658   0.13122   0.12581   0.12042   0.11511   0.10993   0.10494   0.10017   0.09566
  0.16959   0.16924   0.16822   0.16654   0.16422   0.16132   0.15788   0.15397   0.14964   0.14497   0.14004   0.13491   0.12967   0.12437   0.11909   0.11389   0.10883   0.10394   0.09928   0.09487
  0.16654   0.16620   0.16521   0.16357   0.16132   0.15850   0.15516   0.15135   0.14714   0.14260   0.13780   0.13281   0.12771   0.12256   0.11743   0.11237   0.10745   0.10270   0.09816   0.09387
  0.16292   0.16260   0.16164   0.16006   0.15788   0.15516   0.15192   0.14824   0.14417   0.13979   0.13515   0.13033   0.12540   0.12042   0.11546   0.11057   0.10581   0.10122   0.09683   0.09268
  0.15881   0.15850   0.15758   0.15606   0.15397   0.15135   0.14824   0.14471   0.14080   0.13658   0.13213   0.12750   0.12276   0.11798   0.11321   0.10852   0.10394   0.09953   0.09532   0.09134
  0.15426   0.15397   0.15309   0.15164   0.14964   0.14714   0.14417   0.14080   0.13707   0.13304   0.12879   0.12437   0.11985   0.11528   0.11073   0.10625   0.10188   0.09767   0.09365   0.08985
  0.14936   0.14908   0.14824   0.14687   0.14497   0.14260   0.13979   0.13658   0.13304   0.12923   0.12519   0.12100   0.11670   0.11237   0.10806   0.10380   0.09966   0.09566   0.09185   0.08824
  0.14417   0.14391   0.14312   0.14182   0.14004   0.13780   0.13515   0.13213   0.12879   0.12519   0.12138   0.11743   0.11338   0.10930   0.10523   0.10122   0.09731   0.09354   0.08994   0.08654
  0.13879   0.13854   0.13780   0.13658   0.13491   0.13281   0.13033   0.12750   0.12437   0.12100   0.11743   0.11372   0.10993   0.10610   0.10229   0.09853   0.09487   0.09134   0.08796   0.08477
  0.13328   0.13304   0.13236   0.13122   0.12967   0.12771   0.12540   0.12276   0.11985   0.11670   0.11338   0.10993   0.10640   0.10283   0.09928   0.09578   0.09237   0.08908   0.08594   0.08297
  0.12771   0.12750   0.12686   0.12581   0.12437   0.12256   0.12042   0.11798   0.11528   0.11237   0.10930   0.10610   0.10283   0.09953   0.09624   0.09300   0.08985   0.08680   0.08389   0.08115
  0.12217   0.12197   0.12138   0.12042   0.11909   0.11743   0.11546   0.11321   0.11073   0.10806   0.10523   0.10229   0.09928   0.09624   0.09322   0.09024   0.08733   0.08453   0.08186   0.07933
  0.11670   0.11652   0.11599   0.11511   0.11389   0.11237   0.11057   0.10852   0.10625   0.10380   0.10122   0.09853   0.09578   0.09300   0.09024   0.08751   0.08486   0.08230   0.07985   0.07754
  0.11138   0.11122   0.11073   0.10993   0.10883   0.10745   0.10581   0.10394   0.10188   0.09966   0.09731   0.09487   0.09237   0.08985   0.08733   0.08486   0.08244   0.08012   0.07790   0.07579
  0.10625   0.10610   0.10566   0.10494   0.10394   0.10270   0.10122   0.09953   0.09767   0.09566   0.09354   0.09134   0.08908   0.08680   0.08453   0.08230   0.08012   0.07802   0.07601   0.07411
  0.10135   0.10122   0.10082   0.10017   0.09928   0.09816   0.09683   0.09532   0.09365   0.09185   0.08994   0.08796   0.08594   0.08389   0.08186   0.07985   0.07790   0.07601   0.07421   0.07251
  0.09671   0.09659   0.09624   0.09566   0.09487   0.09387   0.09268   0.09134   0.08985   0.08824   0.08654   0.08477   0.08297   0.08115   0.07933   0.07754   0.07579   0.07411   0.07251   0.07099
