  0.10608   0.10579   0.10492   0.10348   0.10151   0.09904   0.09612   0.09282   0.08918   0.08528   0.08118   0.07695   0.07265   0.06834   0.06409   0.05994   0.05594   0.05212   0.04851   0.04514
  0.10579   0.10550   0.10463   0.10319   0.10123   0.09877   0.09586   0.09257   0.08894   0.08506   0.08097   0.07675   0.07247   0.06818   0.06394   0.05981   0.05582   0.05201   0.04842   0.04506
  0.10492   0.10463   0.10376   0.10234   0.10040   0.09796   0.09509   0.09183   0.08824   0.08439   0.08035   0.07617   0.07193   0.06769   0.06349   0.05940   0.05545   0.05168   0.04813   0.04480
  0.10348   0.10319   0.10234   0.10095   0.09904   0.09664   0.09382   0.09061   0.08709   0.08330   0.07933   0.07522   0.07106   0.06688   0.06276   0.05873   0.05485   0.05115   0.04765   0.04438
  0.10151   0.10123   0.10040   0.09904   0.09717   0.09483   0.09207   0.08894   0.08550   0.08181   0.07793   0.07392   0.06985   0.06578   0.06175   0.05782   0.05403   0.05042   0.04700   0.04381
  0.09904   0.09877   0.09796   0.09664   0.09483   0.09257   0.08989   0.08686   0.08352   0.07994   0.07617   0.07229   0.06834   0.06439   0.06049   0.05668   0.05300   0.04950   0.04619   0.04309
  0.09612   0.09586   0.09509   0.09382   0.09207   0.08989   0.08732   0.08439   0.08118   0.07773   0.07411   0.07036   0.06656   0.06276   0.05900   0.05533   0.05179   0.04842   0.04523   0.04225
  0.09282   0.09257   0.09183   0.09061   0.08894   0.08686   0.08439   0.08160   0.07852   0.07522   0.07176   0.06818   0.06454   0.06091   0.05731   0.05380   0.05042   0.04719   0.04414   0.04129
  0.08918   0.08894   0.08824   0.08709   0.08550   0.08352   0.08118   0.07852   0.07560   0.07247   0.06918   0.06578   0.06232   0.05887   0.05545   0.05212   0.04890   0.04583   0.04294   0.04023
  0.08528   0.08506   0.08439   0.08330   0.08181   0.07994   0.07773   0.07522   0.07247   0.06951   0.06641   0.06320   0.05994   0.05668   0.05346   0.05031   0.04728   0.04438   0.04165   0.03910
  0.08118   0.08097   0.08035   0.07933   0.07793   0.07617   0.07411   0.07176   0.06918   0.06641   0.06349   0.06049   0.05744   0.05438   0.05136   0.04842   0.04557   0.04286   0.04030   0.03791
  0.07695   0.07675   0.07617   0.07522   0.07392   0.07229   0.07036   0.06818   0.06578   0.06320   0.06049   0.05769   0.05485   0.05201   0.04920   0.04646   0.04381   0.04129   0.03890   0.03668
  0.07265   0.07247   0.07193   0.07106   0.06985   0.06834   0.06656   0.06454   0.06232   0.05994   0.05744   0.05485   0.05223   0.04960   0.04700   0.04447   0.04202   0.03969   0.03749   0.03543
  0.06834   0.06818   0.06769   0.06688   0.06578   0.06439   0.06276   0.06091   0.05887   0.05668   0.05438   0.05201   0.04960   0.04719   0.04480   0.04248   0.04023   0.03809   0.03607   0.03418
  0.06409   0.06394   0.06349   0.06276   0.06175   0.06049   0.05900   0.05731   0.05545   0.05346   0.05136   0.04920   0.04700   0.04480   0.04263   0.04051   0.03846   0.03651   0.03467   0.03294
  0.05994   0.05981   0.05940   0.05873   0.05782   0.05668   0.05533   0.05380   0.05212   0.05031   0.04842   0.04646   0.04447   0.04248   0.04051   0.03859   0.03673   0.03497   0.03330   0.03174
  0.05594   0.05582   0.05545   0.05485   0.05403   0.05300   0.05179   0.05042   0.04890   0.04728   0.04557   0.04381   0.04202   0.04023   0.03846   0.03673   0.03507   0.03348   0.03198   0.03058
  0.05212   0.05201   0.05168   0.05115   0.05042   0.04950   0.04842   0.04719   0.04583   0.04438   0.04286   0.04129   0.03969   0.03809   0.03651   0.03497   0.03348   0.03206   0.03072   0.02947
  0.04851   0.04842   0.04813   0.04765   0.04700   0.04619   0.04523   0.04414   0.04294   0.04165   0.04030   0.03890   0.03749   0.03607   0.03467   0.03330   0.03198   0.03072   0.02953   0.02842
  0.04514   0.04506   0.04480   0.04438   0.04381   0.04309   0.04225   0.04129   0.04023   0.03910   0.03791   0.03668   0.03543   0.03418   0.03294   0.03174   0.03058   0.02947   0.02842   0.02744
