  0.04061   0.04058   0.04051   0.04039   0.04022   0.04001   0.03975   0.03944   0.03908   0.03868   0.03823   0.03773   0.03718   0.03659   0.03596   0.03527   0.03455   0.03377   0.03296   0.03209
  0.04058   0.04056   0.04049   0.04037   0.04020   0.03999   0.03972   0.03941   0.03906   0.03865   0.03820   0.03770   0.03716   0.03657   0.03593   0.03525   0.03452   0.03375   0.03293   0.03207
  0.04051   0.04049   0.04041   0.04030   0.04013   0.03991   0.03965   0.03934   0.03899   0.03858   0.03813   0.03763   0.03709   0.03650   0.03586   0.03518   0.03445   0.03368   0.03286   0.03200
  0.04039   0.04037   0.04030   0.04018   0.04001   0.03979   0.03953   0.03922   0.03887   0.03846   0.03801   0.03751   0.03697   0.03638   0.03574   0.03506   0.03434   0.03356   0.03275   0.03188
  0.04022   0.04020   0.04013   0.04001   0.03984   0.03963   0.03937   0.03906   0.03870   0.03830   0.03785   0.03735   0.03681   0.03622   0.03558   0.03490   0.03417   0.03340   0.03258   0.03172
  0.04001   0.03999   0.03991   0.03979   0.03963   0.03941   0.03915   0.03884   0.03849   0.03808   0.03763   0.03714   0.03659   0.03600   0.03537   0.03469   0.03396   0.03319   0.03237   0.03151
  0.03975   0.03972   0.03965   0.03953   0.03937   0.03915   0.03889   0.03858   0.03823   0.03782   0.03737   0.03688   0.03633   0.03574   0.03511   0.03443   0.03370   0.03293   0.03212   0.03126
  0.03944   0.03941   0.03934   0.03922   0.03906   0.03884   0.03858   0.03827   0.03792   0.03751   0.03707   0.03657   0.03603   0.03544   0.03480   0.03412   0.03340   0.03263   0.03181   0.03096
  0.03908   0.03906   0.03899   0.03887   0.03870   0.03849   0.03823   0.03792   0.03756   0.03716   0.03671   0.03622   0.03567   0.03509   0.03445   0.03377   0.03305   0.03228   0.03147   0.03061
  0.03868   0.03865   0.03858   0.03846   0.03830   0.03808   0.03782   0.03751   0.03716   0.03676   0.03631   0.03581   0.03527   0.03469   0.03405   0.03338   0.03265   0.03188   0.03107   0.03021
  0.03823   0.03820   0.03813   0.03801   0.03785   0.03763   0.03737   0.03707   0.03671   0.03631   0.03586   0.03537   0.03483   0.03424   0.03361   0.03293   0.03221   0.03144   0.03063   0.02978
  0.03773   0.03770   0.03763   0.03751   0.03735   0.03714   0.03688   0.03657   0.03622   0.03581   0.03537   0.03487   0.03434   0.03375   0.03312   0.03244   0.03172   0.03096   0.03014   0.02929
  0.03718   0.03716   0.03709   0.03697   0.03681   0.03659   0.03633   0.03603   0.03567   0.03527   0.03483   0.03434   0.03380   0.03321   0.03258   0.03191   0.03119   0.03042   0.02961   0.02876
  0.03659   0.03657   0.03650   0.03638   0.03622   0.03600   0.03574   0.03544   0.03509   0.03469   0.03424   0.03375   0.03321   0.03263   0.03200   0.03133   0.03061   0.02984   0.02904   0.02819
  0.03596   0.03593   0.03586   0.03574   0.03558   0.03537   0.03511   0.03480   0.03445   0.03405   0.03361   0.03312   0.03258   0.03200   0.03137   0.03070   0.02998   0.02922   0.02842   0.02757
  0.03527   0.03525   0.03518   0.03506   0.03490   0.03469   0.03443   0.03412   0.03377   0.03338   0.03293   0.03244   0.03191   0.03133   0.03070   0.03003   0.02931   0.02855   0.02775   0.02690
  0.03455   0.03452   0.03445   0.03434   0.03417   0.03396   0.03370   0.03340   0.03305   0.03265   0.03221   0.03172   0.03119   0.03061   0.02998   0.02931   0.02860   0.02784   0.02704   0.02619
  0.03377   0.03375   0.03368   0.03356   0.03340   0.03319   0.03293   0.03263   0.03228   0.03188   0.03144   0.03096   0.03042   0.02984   0.02922   0.02855   0.02784   0.02708   0.02628   0.02544
  0.03296   0.03293   0.03286   0.03275   0.03258   0.03237   0.03212   0.03181   0.03147   0.03107   0.03063   0.03014   0.02961   0.02904   0.02842   0.02775   0.02704   0.02628   0.02549   0.02464
  0.03209   0.03207   0.03200   0.03188   0.03172   0.03151   0.03126   0.03096   0.03061   0.03021   0.02978   0.02929   0.02876   0.02819   0.02757   0.02690   0.02619   0.02544   0.02464   0.02380
