  0.05778   0.05760   0.05706   0.05619   0.05500   0.05353   0.05181   0.04990   0.04784   0.04567   0.04344   0.04121   0.03901   0.03687   0.03484   0.03292   0.03115   0.02953   0.02807   0.02677
  0.05760   0.05742   0.05688   0.05601   0.05483   0.05337   0.05166   0.04976   0.04770   0.04555   0.04333   0.04111   0.03892   0.03679   0.03477   0.03286   0.03110   0.02949   0.02803   0.02674
  0.05706   0.05688   0.05636   0.05550   0.05434   0.05289   0.05121   0.04933   0.04731   0.04518   0.04300   0.04081   0.03865   0.03656   0.03456   0.03268   0.03094   0.02935   0.02792   0.02665
  0.05619   0.05601   0.05550   0.05467   0.05353   0.05212   0.05048   0.04864   0.04667   0.04459   0.04246   0.04032   0.03821   0.03617   0.03422   0.03238   0.03068   0.02913   0.02773   0.02649
  0.05500   0.05483   0.05434   0.05353   0.05243   0.05106   0.04948   0.04770   0.04579   0.04378   0.04172   0.03965   0.03761   0.03564   0.03375   0.03198   0.03033   0.02883   0.02748   0.02628
  0.05353   0.05337   0.05289   0.05212   0.05106   0.04976   0.04824   0.04654   0.04471   0.04278   0.04081   0.03883   0.03687   0.03498   0.03317   0.03147   0.02990   0.02847   0.02717   0.02602
  0.05181   0.05166   0.05121   0.05048   0.04948   0.04824   0.04679   0.04518   0.04344   0.04162   0.03975   0.03787   0.03601   0.03422   0.03250   0.03089   0.02940   0.02803   0.02681   0.02571
  0.04990   0.04976   0.04933   0.04864   0.04770   0.04654   0.04518   0.04367   0.04204   0.04032   0.03856   0.03679   0.03505   0.03336   0.03175   0.03024   0.02883   0.02755   0.02640   0.02537
  0.04784   0.04770   0.04731   0.04667   0.04579   0.04471   0.04344   0.04204   0.04051   0.03892   0.03728   0.03564   0.03401   0.03244   0.03094   0.02953   0.02823   0.02703   0.02596   0.02500
  0.04567   0.04555   0.04518   0.04459   0.04378   0.04278   0.04162   0.04032   0.03892   0.03745   0.03594   0.03442   0.03292   0.03147   0.03009   0.02879   0.02759   0.02649   0.02550   0.02462
  0.04344   0.04333   0.04300   0.04246   0.04172   0.04081   0.03975   0.03856   0.03728   0.03594   0.03456   0.03317   0.03181   0.03048   0.02922   0.02803   0.02694   0.02593   0.02503   0.02422
  0.04121   0.04111   0.04081   0.04032   0.03965   0.03883   0.03787   0.03679   0.03564   0.03442   0.03317   0.03192   0.03068   0.02949   0.02835   0.02727   0.02628   0.02537   0.02455   0.02382
  0.03901   0.03892   0.03865   0.03821   0.03761   0.03687   0.03601   0.03505   0.03401   0.03292   0.03181   0.03068   0.02958   0.02851   0.02748   0.02652   0.02563   0.02482   0.02408   0.02343
  0.03687   0.03679   0.03656   0.03617   0.03564   0.03498   0.03422   0.03336   0.03244   0.03147   0.03048   0.02949   0.02851   0.02755   0.02665   0.02579   0.02500   0.02428   0.02363   0.02305
  0.03484   0.03477   0.03456   0.03422   0.03375   0.03317   0.03250   0.03175   0.03094   0.03009   0.02922   0.02835   0.02748   0.02665   0.02585   0.02510   0.02440   0.02377   0.02320   0.02269
  0.03292   0.03286   0.03268   0.03238   0.03198   0.03147   0.03089   0.03024   0.02953   0.02879   0.02803   0.02727   0.02652   0.02579   0.02510   0.02444   0.02384   0.02329   0.02279   0.02235
  0.03115   0.03110   0.03094   0.03068   0.03033   0.02990   0.02940   0.02883   0.02823   0.02759   0.02694   0.02628   0.02563   0.02500   0.02440   0.02384   0.02332   0.02284   0.02241   0.02203
  0.02953   0.02949   0.02935   0.02913   0.02883   0.02847   0.02803   0.02755   0.02703   0.02649   0.02593   0.02537   0.02482   0.02428   0.02377   0.02329   0.02284   0.02244   0.02207   0.02174
  0.02807   0.02803   0.02792   0.02773   0.02748   0.02717   0.02681   0.02640   0.02596   0.02550   0.02503   0.02455   0.02408   0.02363   0.02320   0.02279   0.02241   0.02207   0.02176   0.02148
  0.02677   0.02674   0.02665   0.02649   0.02628   0.02602   0.02571   0.02537   0.02500   0.02462   0.02422   0.02382   0.02343   0.02305   0.02269   0.02235   0.02203   0.02174   0.02148   0.02125
