  0.04118   0.04112   0.04091   0.04058   0.04011   0.03952   0.03880   0.03797   0.03703   0.03599   0.03486   0.03365   0.03236   0.03100   0.02959   0.02813   0.02664   0.02513   0.02360   0.02206
  0.04112   0.04105   0.04085   0.04051   0.04004   0.03945   0.03874   0.03791   0.03697   0.03593   0.03480   0.03359   0.03230   0.03095   0.02954   0.02809   0.02660   0.02508   0.02356   0.02202
  0.04091   0.04085   0.04064   0.04031   0.03985   0.03926   0.03855   0.03772   0.03679   0.03575   0.03463   0.03342   0.03214   0.03079   0.02939   0.02794   0.02646   0.02495   0.02343   0.02190
  0.04058   0.04051   0.04031   0.03998   0.03952   0.03893   0.03823   0.03741   0.03648   0.03545   0.03434   0.03314   0.03186   0.03052   0.02913   0.02770   0.02622   0.02473   0.02322   0.02170
  0.04011   0.04004   0.03985   0.03952   0.03906   0.03848   0.03778   0.03697   0.03605   0.03504   0.03393   0.03274   0.03148   0.03016   0.02878   0.02736   0.02590   0.02442   0.02292   0.02142
  0.03952   0.03945   0.03926   0.03893   0.03848   0.03791   0.03722   0.03642   0.03551   0.03451   0.03342   0.03224   0.03100   0.02969   0.02833   0.02693   0.02549   0.02403   0.02255   0.02107
  0.03880   0.03874   0.03855   0.03823   0.03778   0.03722   0.03654   0.03575   0.03486   0.03387   0.03280   0.03164   0.03042   0.02913   0.02779   0.02641   0.02500   0.02356   0.02210   0.02064
  0.03797   0.03791   0.03772   0.03741   0.03697   0.03642   0.03575   0.03498   0.03410   0.03314   0.03208   0.03095   0.02974   0.02848   0.02717   0.02581   0.02442   0.02301   0.02158   0.02015
  0.03703   0.03697   0.03679   0.03648   0.03605   0.03551   0.03486   0.03410   0.03325   0.03230   0.03127   0.03016   0.02898   0.02774   0.02646   0.02513   0.02377   0.02239   0.02099   0.01959
  0.03599   0.03593   0.03575   0.03545   0.03504   0.03451   0.03387   0.03314   0.03230   0.03137   0.03037   0.02928   0.02813   0.02693   0.02567   0.02438   0.02305   0.02170   0.02034   0.01897
  0.03486   0.03480   0.03463   0.03434   0.03393   0.03342   0.03280   0.03208   0.03127   0.03037   0.02939   0.02833   0.02721   0.02604   0.02482   0.02356   0.02227   0.02095   0.01963   0.01830
  0.03365   0.03359   0.03342   0.03314   0.03274   0.03224   0.03164   0.03095   0.03016   0.02928   0.02833   0.02731   0.02622   0.02508   0.02390   0.02268   0.02142   0.02015   0.01886   0.01757
  0.03236   0.03230   0.03214   0.03186   0.03148   0.03100   0.03042   0.02974   0.02898   0.02813   0.02721   0.02622   0.02517   0.02407   0.02292   0.02174   0.02053   0.01930   0.01805   0.01680
  0.03100   0.03095   0.03079   0.03052   0.03016   0.02969   0.02913   0.02848   0.02774   0.02693   0.02604   0.02508   0.02407   0.02301   0.02190   0.02076   0.01959   0.01840   0.01720   0.01599
  0.02959   0.02954   0.02939   0.02913   0.02878   0.02833   0.02779   0.02717   0.02646   0.02567   0.02482   0.02390   0.02292   0.02190   0.02084   0.01974   0.01861   0.01747   0.01631   0.01515
  0.02813   0.02809   0.02794   0.02770   0.02736   0.02693   0.02641   0.02581   0.02513   0.02438   0.02356   0.02268   0.02174   0.02076   0.01974   0.01868   0.01761   0.01651   0.01540   0.01429
  0.02664   0.02660   0.02646   0.02622   0.02590   0.02549   0.02500   0.02442   0.02377   0.02305   0.02227   0.02142   0.02053   0.01959   0.01861   0.01761   0.01657   0.01552   0.01446   0.01340
  0.02513   0.02508   0.02495   0.02473   0.02442   0.02403   0.02356   0.02301   0.02239   0.02170   0.02095   0.02015   0.01930   0.01840   0.01747   0.01651   0.01552   0.01452   0.01351   0.01250
  0.02360   0.02356   0.02343   0.02322   0.02292   0.02255   0.02210   0.02158   0.02099   0.02034   0.01963   0.01886   0.01805   0.01720   0.01631   0.01540   0.01446   0.01351   0.01255   0.01159
  0.02206   0.02202   0.02190   0.02170   0.02142   0.02107   0.02064   0.02015   0.01959   0.01897   0.01830   0.01757   0.01680   0.01599   0.01515   0.01429   0.01340   0.01250   0.01159   0.01067
