  0.11071   0.11021   0.10873   0.10632   0.10305   0.09903   0.09438   0.08922   0.08371   0.07799   0.07218   0.06643   0.06084   0.05551   0.05051   0.04589   0.04170   0.03796   0.03465   0.03178
  0.11021   0.10971   0.10824   0.10584   0.10260   0.09860   0.09397   0.08884   0.08336   0.07767   0.07190   0.06617   0.06061   0.05531   0.05034   0.04575   0.04158   0.03785   0.03457   0.03171
  0.10873   0.10824   0.10680   0.10444   0.10124   0.09731   0.09275   0.08771   0.08232   0.07672   0.07104   0.06541   0.05994   0.05472   0.04983   0.04531   0.04121   0.03755   0.03431   0.03150
  0.10632   0.10584   0.10444   0.10214   0.09903   0.09520   0.09077   0.08586   0.08062   0.07516   0.06964   0.06416   0.05884   0.05376   0.04900   0.04460   0.04061   0.03705   0.03390   0.03116
  0.10305   0.10260   0.10124   0.09903   0.09604   0.09235   0.08808   0.08336   0.07831   0.07306   0.06774   0.06247   0.05735   0.05246   0.04787   0.04364   0.03980   0.03637   0.03334   0.03071
  0.09903   0.09860   0.09731   0.09520   0.09235   0.08884   0.08478   0.08028   0.07547   0.07047   0.06541   0.06039   0.05551   0.05085   0.04649   0.04246   0.03880   0.03553   0.03265   0.03014
  0.09438   0.09397   0.09275   0.09077   0.08808   0.08478   0.08095   0.07672   0.07218   0.06748   0.06271   0.05798   0.05338   0.04900   0.04489   0.04109   0.03765   0.03457   0.03185   0.02949
  0.08922   0.08884   0.08771   0.08586   0.08336   0.08028   0.07672   0.07277   0.06855   0.06416   0.05972   0.05531   0.05103   0.04694   0.04311   0.03958   0.03637   0.03350   0.03097   0.02877
  0.08371   0.08336   0.08232   0.08062   0.07831   0.07547   0.07218   0.06855   0.06466   0.06061   0.05652   0.05246   0.04851   0.04474   0.04121   0.03796   0.03500   0.03235   0.03002   0.02799
  0.07799   0.07767   0.07672   0.07516   0.07306   0.07047   0.06748   0.06416   0.06061   0.05693   0.05319   0.04949   0.04589   0.04246   0.03924   0.03627   0.03358   0.03116   0.02904   0.02719
  0.07218   0.07190   0.07104   0.06964   0.06774   0.06541   0.06271   0.05972   0.05652   0.05319   0.04983   0.04649   0.04324   0.04015   0.03724   0.03457   0.03214   0.02996   0.02804   0.02638
  0.06643   0.06617   0.06541   0.06416   0.06247   0.06039   0.05798   0.05531   0.05246   0.04949   0.04649   0.04351   0.04061   0.03785   0.03526   0.03288   0.03071   0.02877   0.02706   0.02557
  0.06084   0.06061   0.05994   0.05884   0.05735   0.05551   0.05338   0.05103   0.04851   0.04589   0.04324   0.04061   0.03806   0.03562   0.03334   0.03123   0.02932   0.02761   0.02610   0.02478
  0.05551   0.05531   0.05472   0.05376   0.05246   0.05085   0.04900   0.04694   0.04474   0.04246   0.04015   0.03785   0.03562   0.03350   0.03150   0.02966   0.02799   0.02650   0.02518   0.02404
  0.05051   0.05034   0.04983   0.04900   0.04787   0.04649   0.04489   0.04311   0.04121   0.03924   0.03724   0.03526   0.03334   0.03150   0.02978   0.02819   0.02675   0.02546   0.02432   0.02333
  0.04589   0.04575   0.04531   0.04460   0.04364   0.04246   0.04109   0.03958   0.03796   0.03627   0.03457   0.03288   0.03123   0.02966   0.02819   0.02684   0.02560   0.02450   0.02353   0.02269
  0.04170   0.04158   0.04121   0.04061   0.03980   0.03880   0.03765   0.03637   0.03500   0.03358   0.03214   0.03071   0.02932   0.02799   0.02675   0.02560   0.02456   0.02363   0.02281   0.02210
  0.03796   0.03785   0.03755   0.03705   0.03637   0.03553   0.03457   0.03350   0.03235   0.03116   0.02996   0.02877   0.02761   0.02650   0.02546   0.02450   0.02363   0.02285   0.02217   0.02157
  0.03465   0.03457   0.03431   0.03390   0.03334   0.03265   0.03185   0.03097   0.03002   0.02904   0.02804   0.02706   0.02610   0.02518   0.02432   0.02353   0.02281   0.02217   0.02160   0.02111
  0.03178   0.03171   0.03150   0.03116   0.03071   0.03014   0.02949   0.02877   0.02799   0.02719   0.02638   0.02557   0.02478   0.02404   0.02333   0.02269   0.02210   0.02157   0.02111   0.02071
