  0.10467   0.10436   0.10346   0.10198   0.09996   0.09744   0.09448   0.09114   0.08750   0.08363   0.07961   0.07550   0.07138   0.06731   0.06335   0.05954   0.05593   0.05255   0.04942   0.04655
  0.10436   0.10406   0.10316   0.10169   0.09967   0.09716   0.09421   0.09089   0.08727   0.08341   0.07941   0.07532   0.07121   0.06716   0.06321   0.05942   0.05582   0.05245   0.04933   0.04648
  0.10346   0.10316   0.10228   0.10082   0.09883   0.09635   0.09343   0.09015   0.08657   0.08276   0.07880   0.07476   0.07070   0.06670   0.06280   0.05905   0.05550   0.05217   0.04909   0.04626
  0.10198   0.10169   0.10082   0.09939   0.09744   0.09501   0.09215   0.08893   0.08542   0.08169   0.07781   0.07384   0.06987   0.06594   0.06212   0.05845   0.05497   0.05170   0.04868   0.04591
  0.09996   0.09967   0.09883   0.09744   0.09554   0.09317   0.09040   0.08727   0.08385   0.08022   0.07645   0.07260   0.06873   0.06491   0.06119   0.05762   0.05424   0.05106   0.04813   0.04543
  0.09744   0.09716   0.09635   0.09501   0.09317   0.09089   0.08821   0.08520   0.08190   0.07840   0.07476   0.07104   0.06731   0.06363   0.06004   0.05660   0.05333   0.05027   0.04743   0.04484
  0.09448   0.09421   0.09343   0.09215   0.09040   0.08821   0.08565   0.08276   0.07961   0.07626   0.07277   0.06921   0.06565   0.06212   0.05869   0.05539   0.05226   0.04933   0.04662   0.04414
  0.09114   0.09089   0.09015   0.08893   0.08727   0.08520   0.08276   0.08002   0.07703   0.07384   0.07053   0.06716   0.06377   0.06042   0.05716   0.05403   0.05106   0.04828   0.04571   0.04335
  0.08750   0.08727   0.08657   0.08542   0.08385   0.08190   0.07961   0.07703   0.07421   0.07121   0.06809   0.06491   0.06172   0.05857   0.05550   0.05255   0.04975   0.04713   0.04471   0.04249
  0.08363   0.08341   0.08276   0.08169   0.08022   0.07840   0.07626   0.07384   0.07121   0.06841   0.06550   0.06253   0.05954   0.05660   0.05373   0.05097   0.04836   0.04591   0.04365   0.04157
  0.07961   0.07941   0.07880   0.07781   0.07645   0.07476   0.07277   0.07053   0.06809   0.06550   0.06280   0.06004   0.05728   0.05455   0.05189   0.04933   0.04691   0.04464   0.04254   0.04062
  0.07550   0.07532   0.07476   0.07384   0.07260   0.07104   0.06921   0.06716   0.06491   0.06253   0.06004   0.05751   0.05497   0.05245   0.05001   0.04766   0.04543   0.04335   0.04142   0.03965
  0.07138   0.07121   0.07070   0.06987   0.06873   0.06731   0.06565   0.06377   0.06172   0.05954   0.05728   0.05497   0.05265   0.05036   0.04813   0.04598   0.04395   0.04205   0.04028   0.03867
  0.06731   0.06716   0.06670   0.06594   0.06491   0.06363   0.06212   0.06042   0.05857   0.05660   0.05455   0.05245   0.05036   0.04828   0.04626   0.04433   0.04249   0.04076   0.03917   0.03771
  0.06335   0.06321   0.06280   0.06212   0.06119   0.06004   0.05869   0.05716   0.05550   0.05373   0.05189   0.05001   0.04813   0.04626   0.04445   0.04271   0.04106   0.03951   0.03808   0.03677
  0.05954   0.05942   0.05905   0.05845   0.05762   0.05660   0.05539   0.05403   0.05255   0.05097   0.04933   0.04766   0.04598   0.04433   0.04271   0.04116   0.03969   0.03831   0.03704   0.03587
  0.05593   0.05582   0.05550   0.05497   0.05424   0.05333   0.05226   0.05106   0.04975   0.04836   0.04691   0.04543   0.04395   0.04249   0.04106   0.03969   0.03839   0.03717   0.03605   0.03501
  0.05255   0.05245   0.05217   0.05170   0.05106   0.05027   0.04933   0.04828   0.04713   0.04591   0.04464   0.04335   0.04205   0.04076   0.03951   0.03831   0.03717   0.03611   0.03512   0.03421
  0.04942   0.04933   0.04909   0.04868   0.04813   0.04743   0.04662   0.04571   0.04471   0.04365   0.04254   0.04142   0.04028   0.03917   0.03808   0.03704   0.03605   0.03512   0.03426   0.03347
  0.04655   0.04648   0.04626   0.04591   0.04543   0.04484   0.04414   0.04335   0.04249   0.04157   0.04062   0.03965   0.03867   0.03771   0.03677   0.03587   0.03501   0.03421   0.03347   0.03279
