  0.01461   0.01459   0.01451   0.01439   0.01423   0.01402   0.01377   0.01347   0.01314   0.01277   0.01237   0.01194   0.01148   0.01100   0.01050   0.00998   0.00945   0.00891   0.00837   0.00783
  0.01459   0.01456   0.01449   0.01437   0.01421   0.01400   0.01374   0.01345   0.01312   0.01275   0.01235   0.01192   0.01146   0.01098   0.01048   0.00996   0.00944   0.00890   0.00836   0.00781
  0.01451   0.01449   0.01442   0.01430   0.01414   0.01393   0.01367   0.01338   0.01305   0.01268   0.01228   0.01186   0.01140   0.01092   0.01042   0.00991   0.00939   0.00885   0.00831   0.00777
  0.01439   0.01437   0.01430   0.01418   0.01402   0.01381   0.01356   0.01327   0.01294   0.01258   0.01218   0.01176   0.01130   0.01083   0.01033   0.00983   0.00930   0.00877   0.00824   0.00770
  0.01423   0.01421   0.01414   0.01402   0.01386   0.01365   0.01340   0.01312   0.01279   0.01243   0.01204   0.01162   0.01117   0.01070   0.01021   0.00971   0.00919   0.00866   0.00813   0.00760
  0.01402   0.01400   0.01393   0.01381   0.01365   0.01345   0.01320   0.01292   0.01260   0.01224   0.01186   0.01144   0.01100   0.01053   0.01005   0.00955   0.00904   0.00852   0.00800   0.00747
  0.01377   0.01374   0.01367   0.01356   0.01340   0.01320   0.01296   0.01268   0.01237   0.01202   0.01164   0.01123   0.01079   0.01033   0.00986   0.00937   0.00887   0.00836   0.00784   0.00732
  0.01347   0.01345   0.01338   0.01327   0.01312   0.01292   0.01268   0.01241   0.01210   0.01176   0.01138   0.01098   0.01055   0.01010   0.00964   0.00916   0.00866   0.00816   0.00766   0.00715
  0.01314   0.01312   0.01305   0.01294   0.01279   0.01260   0.01237   0.01210   0.01180   0.01146   0.01109   0.01070   0.01028   0.00984   0.00939   0.00891   0.00843   0.00794   0.00745   0.00695
  0.01277   0.01275   0.01268   0.01258   0.01243   0.01224   0.01202   0.01176   0.01146   0.01113   0.01077   0.01039   0.00998   0.00955   0.00911   0.00865   0.00818   0.00770   0.00721   0.00673
  0.01237   0.01235   0.01228   0.01218   0.01204   0.01186   0.01164   0.01138   0.01109   0.01077   0.01042   0.01005   0.00965   0.00924   0.00880   0.00836   0.00790   0.00743   0.00696   0.00649
  0.01194   0.01192   0.01186   0.01176   0.01162   0.01144   0.01123   0.01098   0.01070   0.01039   0.01005   0.00969   0.00930   0.00890   0.00848   0.00804   0.00760   0.00715   0.00669   0.00623
  0.01148   0.01146   0.01140   0.01130   0.01117   0.01100   0.01079   0.01055   0.01028   0.00998   0.00965   0.00930   0.00893   0.00854   0.00813   0.00771   0.00728   0.00684   0.00640   0.00596
  0.01100   0.01098   0.01092   0.01083   0.01070   0.01053   0.01033   0.01010   0.00984   0.00955   0.00924   0.00890   0.00854   0.00816   0.00777   0.00736   0.00695   0.00653   0.00610   0.00567
  0.01050   0.01048   0.01042   0.01033   0.01021   0.01005   0.00986   0.00964   0.00939   0.00911   0.00880   0.00848   0.00813   0.00777   0.00739   0.00700   0.00660   0.00620   0.00579   0.00537
  0.00998   0.00996   0.00991   0.00983   0.00971   0.00955   0.00937   0.00916   0.00891   0.00865   0.00836   0.00804   0.00771   0.00736   0.00700   0.00663   0.00624   0.00585   0.00546   0.00507
  0.00945   0.00944   0.00939   0.00930   0.00919   0.00904   0.00887   0.00866   0.00843   0.00818   0.00790   0.00760   0.00728   0.00695   0.00660   0.00624   0.00588   0.00551   0.00513   0.00475
  0.00891   0.00890   0.00885   0.00877   0.00866   0.00852   0.00836   0.00816   0.00794   0.00770   0.00743   0.00715   0.00684   0.00653   0.00620   0.00585   0.00551   0.00515   0.00479   0.00443
  0.00837   0.00836   0.00831   0.00824   0.00813   0.00800   0.00784   0.00766   0.00745   0.00721   0.00696   0.00669   0.00640   0.00610   0.00579   0.00546   0.00513   0.00479   0.00445   0.00411
  0.00783   0.00781   0.00777   0.00770   0.00760   0.00747   0.00732   0.00715   0.00695   0.00673   0.00649   0.00623   0.00596   0.00567   0.00537   0.00507   0.00475   0.00443   0.00411   0.00378
