  0.03633   0.03616   0.03568   0.03489   0.03382   0.03250   0.03097   0.02928   0.02747   0.02559   0.02369   0.02180   0.01996   0.01821   0.01657   0.01506   0.01368   0.01245   0.01137   0.01043
  0.03616   0.03600   0.03552   0.03473   0.03367   0.03235   0.03083   0.02915   0.02735   0.02548   0.02359   0.02171   0.01989   0.01815   0.01652   0.01501   0.01364   0.01242   0.01134   0.01040
  0.03568   0.03552   0.03504   0.03427   0.03322   0.03193   0.03044   0.02878   0.02701   0.02517   0.02331   0.02146   0.01967   0.01795   0.01635   0.01487   0.01352   0.01232   0.01126   0.01034
  0.03489   0.03473   0.03427   0.03352   0.03250   0.03124   0.02978   0.02817   0.02645   0.02466   0.02285   0.02105   0.01931   0.01764   0.01608   0.01463   0.01333   0.01215   0.01112   0.01022
  0.03382   0.03367   0.03322   0.03250   0.03151   0.03030   0.02890   0.02735   0.02570   0.02397   0.02223   0.02050   0.01882   0.01721   0.01571   0.01432   0.01306   0.01193   0.01094   0.01007
  0.03250   0.03235   0.03193   0.03124   0.03030   0.02915   0.02782   0.02634   0.02476   0.02312   0.02146   0.01981   0.01821   0.01668   0.01525   0.01393   0.01273   0.01166   0.01071   0.00989
  0.03097   0.03083   0.03044   0.02978   0.02890   0.02782   0.02656   0.02517   0.02369   0.02214   0.02057   0.01902   0.01751   0.01608   0.01473   0.01348   0.01235   0.01134   0.01045   0.00968
  0.02928   0.02915   0.02878   0.02817   0.02735   0.02634   0.02517   0.02388   0.02249   0.02105   0.01959   0.01815   0.01674   0.01540   0.01414   0.01299   0.01193   0.01099   0.01016   0.00944
  0.02747   0.02735   0.02701   0.02645   0.02570   0.02476   0.02369   0.02249   0.02121   0.01989   0.01854   0.01721   0.01592   0.01468   0.01352   0.01245   0.01148   0.01061   0.00985   0.00918
  0.02559   0.02548   0.02517   0.02466   0.02397   0.02312   0.02214   0.02105   0.01989   0.01868   0.01745   0.01624   0.01506   0.01393   0.01288   0.01190   0.01102   0.01022   0.00953   0.00892
  0.02369   0.02359   0.02331   0.02285   0.02223   0.02146   0.02057   0.01959   0.01854   0.01745   0.01635   0.01525   0.01419   0.01317   0.01222   0.01134   0.01054   0.00983   0.00920   0.00865
  0.02180   0.02171   0.02146   0.02105   0.02050   0.01981   0.01902   0.01815   0.01721   0.01624   0.01525   0.01428   0.01333   0.01242   0.01157   0.01079   0.01007   0.00944   0.00888   0.00839
  0.01996   0.01989   0.01967   0.01931   0.01882   0.01821   0.01751   0.01674   0.01592   0.01506   0.01419   0.01333   0.01249   0.01169   0.01094   0.01025   0.00962   0.00906   0.00856   0.00813
  0.01821   0.01815   0.01795   0.01764   0.01721   0.01668   0.01608   0.01540   0.01468   0.01393   0.01317   0.01242   0.01169   0.01099   0.01034   0.00973   0.00918   0.00869   0.00826   0.00789
  0.01657   0.01652   0.01635   0.01608   0.01571   0.01525   0.01473   0.01414   0.01352   0.01288   0.01222   0.01157   0.01094   0.01034   0.00977   0.00925   0.00878   0.00835   0.00798   0.00766
  0.01506   0.01501   0.01487   0.01463   0.01432   0.01393   0.01348   0.01299   0.01245   0.01190   0.01134   0.01079   0.01025   0.00973   0.00925   0.00880   0.00840   0.00804   0.00772   0.00744
  0.01368   0.01364   0.01352   0.01333   0.01306   0.01273   0.01235   0.01193   0.01148   0.01102   0.01054   0.01007   0.00962   0.00918   0.00878   0.00840   0.00806   0.00775   0.00748   0.00725
  0.01245   0.01242   0.01232   0.01215   0.01193   0.01166   0.01134   0.01099   0.01061   0.01022   0.00983   0.00944   0.00906   0.00869   0.00835   0.00804   0.00775   0.00750   0.00727   0.00708
  0.01137   0.01134   0.01126   0.01112   0.01094   0.01071   0.01045   0.01016   0.00985   0.00953   0.00920   0.00888   0.00856   0.00826   0.00798   0.00772   0.00748   0.00727   0.00709   0.00693
  0.01043   0.01040   0.01034   0.01022   0.01007   0.00989   0.00968   0.00944   0.00918   0.00892   0.00865   0.00839   0.00813   0.00789   0.00766   0.00744   0.00725   0.00708   0.00693   0.00679
