  0.01955   0.01952   0.01943   0.01929   0.01909   0.01885   0.01855   0.01822   0.01785   0.01745   0.01703   0.01659   0.01615   0.01569   0.01524   0.01479   0.01436   0.01394   0.01354   0.01316
  0.01952   0.01949   0.01940   0.01926   0.01906   0.01882   0.01853   0.01819   0.01783   0.01743   0.01701   0.01657   0.01613   0.01568   0.01522   0.01478   0.01435   0.01393   0.01353   0.01315
  0.01943   0.01940   0.01932   0.01918   0.01898   0.01874   0.01845   0.01812   0.01776   0.01736   0.01695   0.01651   0.01607   0.01562   0.01518   0.01474   0.01431   0.01389   0.01349   0.01312
  0.01929   0.01926   0.01918   0.01904   0.01885   0.01861   0.01832   0.01800   0.01764   0.01725   0.01684   0.01642   0.01598   0.01554   0.01510   0.01466   0.01424   0.01383   0.01344   0.01307
  0.01909   0.01906   0.01898   0.01885   0.01866   0.01842   0.01814   0.01783   0.01748   0.01710   0.01670   0.01628   0.01585   0.01542   0.01499   0.01456   0.01415   0.01375   0.01337   0.01300
  0.01885   0.01882   0.01874   0.01861   0.01842   0.01819   0.01792   0.01761   0.01727   0.01690   0.01651   0.01611   0.01569   0.01527   0.01485   0.01444   0.01404   0.01365   0.01327   0.01292
  0.01855   0.01853   0.01845   0.01832   0.01814   0.01792   0.01766   0.01736   0.01703   0.01668   0.01630   0.01591   0.01550   0.01510   0.01469   0.01429   0.01390   0.01353   0.01316   0.01282
  0.01822   0.01819   0.01812   0.01800   0.01783   0.01761   0.01736   0.01708   0.01676   0.01642   0.01605   0.01568   0.01529   0.01490   0.01451   0.01412   0.01375   0.01339   0.01304   0.01271
  0.01785   0.01783   0.01776   0.01764   0.01748   0.01727   0.01703   0.01676   0.01645   0.01613   0.01578   0.01542   0.01505   0.01468   0.01431   0.01394   0.01358   0.01323   0.01290   0.01259
  0.01745   0.01743   0.01736   0.01725   0.01710   0.01690   0.01668   0.01642   0.01613   0.01582   0.01549   0.01515   0.01479   0.01444   0.01409   0.01374   0.01340   0.01307   0.01275   0.01246
  0.01703   0.01701   0.01695   0.01684   0.01670   0.01651   0.01630   0.01605   0.01578   0.01549   0.01518   0.01485   0.01452   0.01419   0.01385   0.01353   0.01320   0.01289   0.01260   0.01232
  0.01659   0.01657   0.01651   0.01642   0.01628   0.01611   0.01591   0.01568   0.01542   0.01515   0.01485   0.01455   0.01424   0.01393   0.01361   0.01330   0.01300   0.01271   0.01243   0.01217
  0.01615   0.01613   0.01607   0.01598   0.01585   0.01569   0.01550   0.01529   0.01505   0.01479   0.01452   0.01424   0.01395   0.01366   0.01337   0.01308   0.01280   0.01253   0.01227   0.01202
  0.01569   0.01568   0.01562   0.01554   0.01542   0.01527   0.01510   0.01490   0.01468   0.01444   0.01419   0.01393   0.01366   0.01339   0.01312   0.01285   0.01259   0.01234   0.01210   0.01187
  0.01524   0.01522   0.01518   0.01510   0.01499   0.01485   0.01469   0.01451   0.01431   0.01409   0.01385   0.01361   0.01337   0.01312   0.01287   0.01262   0.01238   0.01215   0.01193   0.01172
  0.01479   0.01478   0.01474   0.01466   0.01456   0.01444   0.01429   0.01412   0.01394   0.01374   0.01353   0.01330   0.01308   0.01285   0.01262   0.01240   0.01218   0.01196   0.01176   0.01157
  0.01436   0.01435   0.01431   0.01424   0.01415   0.01404   0.01390   0.01375   0.01358   0.01340   0.01320   0.01300   0.01280   0.01259   0.01238   0.01218   0.01198   0.01178   0.01160   0.01142
  0.01394   0.01393   0.01389   0.01383   0.01375   0.01365   0.01353   0.01339   0.01323   0.01307   0.01289   0.01271   0.01253   0.01234   0.01215   0.01196   0.01178   0.01161   0.01144   0.01128
  0.01354   0.01353   0.01349   0.01344   0.01337   0.01327   0.01316   0.01304   0.01290   0.01275   0.01260   0.01243   0.01227   0.01210   0.01193   0.01176   0.01160   0.01144   0.01129   0.01115
  0.01316   0.01315   0.01312   0.01307   0.01300   0.01292   0.01282   0.01271   0.01259   0.01246   0.01232   0.01217   0.01202   0.01187   0.01172   0.01157   0.01142   0.01128   0.01115   0.01102
