  0.26113   0.26036   0.25809   0.25435   0.24923   0.24285   0.23534   0.22686   0.21757   0.20767   0.19732   0.18672   0.17603   0.16542   0.15504   0.14500   0.13542   0.12638   0.11794   0.11016
  0.26036   0.25960   0.25733   0.25361   0.24851   0.24215   0.23467   0.22622   0.21697   0.20710   0.19680   0.18624   0.17559   0.16502   0.15467   0.14467   0.13512   0.12612   0.11772   0.10997
  0.25809   0.25733   0.25509   0.25141   0.24637   0.24008   0.23268   0.22433   0.21518   0.20543   0.19524   0.18479   0.17427   0.16382   0.15358   0.14370   0.13426   0.12535   0.11705   0.10938
  0.25435   0.25361   0.25141   0.24780   0.24285   0.23668   0.22942   0.22122   0.21225   0.20267   0.19267   0.18243   0.17210   0.16184   0.15180   0.14210   0.13284   0.12410   0.11595   0.10843
  0.24923   0.24851   0.24637   0.24285   0.23803   0.23203   0.22496   0.21697   0.20823   0.19891   0.18917   0.17919   0.16913   0.15914   0.14936   0.13991   0.13089   0.12238   0.11444   0.10712
  0.24285   0.24215   0.24008   0.23668   0.23203   0.22622   0.21939   0.21167   0.20322   0.19421   0.18479   0.17515   0.16542   0.15577   0.14632   0.13718   0.12846   0.12024   0.11257   0.10549
  0.23534   0.23467   0.23268   0.22942   0.22496   0.21939   0.21283   0.20543   0.19732   0.18867   0.17965   0.17039   0.16106   0.15180   0.14273   0.13397   0.12561   0.11772   0.11036   0.10356
  0.22686   0.22622   0.22433   0.22122   0.21697   0.21167   0.20543   0.19838   0.19066   0.18243   0.17383   0.16502   0.15614   0.14732   0.13869   0.13035   0.12238   0.11487   0.10786   0.10139
  0.21757   0.21697   0.21518   0.21225   0.20823   0.20322   0.19732   0.19066   0.18337   0.17559   0.16747   0.15914   0.15075   0.14242   0.13426   0.12638   0.11885   0.11175   0.10513   0.09902
  0.20767   0.20710   0.20543   0.20267   0.19891   0.19421   0.18867   0.18243   0.17559   0.16829   0.16068   0.15287   0.14500   0.13718   0.12953   0.12214   0.11508   0.10843   0.10222   0.09648
  0.19732   0.19680   0.19524   0.19267   0.18917   0.18479   0.17965   0.17383   0.16747   0.16068   0.15358   0.14632   0.13899   0.13172   0.12460   0.11772   0.11115   0.10495   0.09917   0.09384
  0.18672   0.18624   0.18479   0.18243   0.17919   0.17515   0.17039   0.16502   0.15914   0.15287   0.14632   0.13960   0.13284   0.12612   0.11954   0.11319   0.10712   0.10139   0.09605   0.09113
  0.17603   0.17559   0.17427   0.17210   0.16913   0.16542   0.16106   0.15614   0.15075   0.14500   0.13899   0.13284   0.12663   0.12047   0.11444   0.10862   0.10305   0.09781   0.09291   0.08839
  0.16542   0.16502   0.16382   0.16184   0.15914   0.15577   0.15180   0.14732   0.14242   0.13718   0.13172   0.12612   0.12047   0.11487   0.10938   0.10408   0.09902   0.09424   0.08979   0.08568
  0.15504   0.15467   0.15358   0.15180   0.14936   0.14632   0.14273   0.13869   0.13426   0.12953   0.12460   0.11954   0.11444   0.10938   0.10443   0.09964   0.09507   0.09076   0.08673   0.08302
  0.14500   0.14467   0.14370   0.14210   0.13991   0.13718   0.13397   0.13035   0.12638   0.12214   0.11772   0.11319   0.10862   0.10408   0.09964   0.09535   0.09125   0.08739   0.08378   0.08045
  0.13542   0.13512   0.13426   0.13284   0.13089   0.12846   0.12561   0.12238   0.11885   0.11508   0.11115   0.10712   0.10305   0.09902   0.09507   0.09125   0.08761   0.08417   0.08096   0.07800
  0.12638   0.12612   0.12535   0.12410   0.12238   0.12024   0.11772   0.11487   0.11175   0.10843   0.10495   0.10139   0.09781   0.09424   0.09076   0.08739   0.08417   0.08113   0.07830   0.07569
  0.11794   0.11772   0.11705   0.11595   0.11444   0.11257   0.11036   0.10786   0.10513   0.10222   0.09917   0.09605   0.09291   0.08979   0.08673   0.08378   0.08096   0.07830   0.07582   0.07353
  0.11016   0.10997   0.10938   0.10843   0.10712   0.10549   0.10356   0.10139   0.09902   0.09648   0.09384   0.09113   0.08839   0.08568   0.08302   0.08045   0.07800   0.07569   0.07353   0.07154
