  0.10021   0.09992   0.09904   0.09761   0.09565   0.09320   0.09031   0.08706   0.08349   0.07969   0.07572   0.07165   0.06755   0.06348   0.05949   0.05564   0.05196   0.04849   0.04526   0.04227
  0.09992   0.09963   0.09876   0.09733   0.09537   0.09293   0.09006   0.08681   0.08326   0.07948   0.07552   0.07147   0.06738   0.06332   0.05935   0.05551   0.05185   0.04839   0.04517   0.04219
  0.09904   0.09876   0.09789   0.09648   0.09455   0.09213   0.08929   0.08609   0.08258   0.07883   0.07492   0.07091   0.06687   0.06286   0.05893   0.05514   0.05152   0.04810   0.04491   0.04197
  0.09761   0.09733   0.09648   0.09509   0.09320   0.09083   0.08804   0.08489   0.08145   0.07778   0.07394   0.07000   0.06604   0.06210   0.05825   0.05453   0.05097   0.04762   0.04449   0.04160
  0.09565   0.09537   0.09455   0.09320   0.09135   0.08904   0.08633   0.08326   0.07991   0.07633   0.07259   0.06876   0.06490   0.06107   0.05731   0.05369   0.05023   0.04696   0.04391   0.04110
  0.09320   0.09293   0.09213   0.09083   0.08904   0.08681   0.08419   0.08123   0.07798   0.07453   0.07091   0.06721   0.06348   0.05977   0.05615   0.05264   0.04929   0.04614   0.04319   0.04048
  0.09031   0.09006   0.08929   0.08804   0.08633   0.08419   0.08167   0.07883   0.07572   0.07240   0.06894   0.06538   0.06180   0.05825   0.05477   0.05141   0.04820   0.04517   0.04235   0.03974
  0.08706   0.08681   0.08609   0.08489   0.08326   0.08123   0.07883   0.07613   0.07316   0.07000   0.06670   0.06332   0.05991   0.05653   0.05322   0.05002   0.04696   0.04408   0.04139   0.03891
  0.08349   0.08326   0.08258   0.08145   0.07991   0.07798   0.07572   0.07316   0.07037   0.06738   0.06426   0.06107   0.05785   0.05465   0.05152   0.04849   0.04560   0.04288   0.04034   0.03799
  0.07969   0.07948   0.07883   0.07778   0.07633   0.07453   0.07240   0.07000   0.06738   0.06458   0.06166   0.05866   0.05564   0.05264   0.04970   0.04687   0.04416   0.04160   0.03922   0.03702
  0.07572   0.07552   0.07492   0.07394   0.07259   0.07091   0.06894   0.06670   0.06426   0.06166   0.05893   0.05615   0.05333   0.05054   0.04781   0.04517   0.04265   0.04027   0.03805   0.03601
  0.07165   0.07147   0.07091   0.07000   0.06876   0.06721   0.06538   0.06332   0.06107   0.05866   0.05615   0.05357   0.05097   0.04839   0.04587   0.04343   0.04110   0.03891   0.03686   0.03497
  0.06755   0.06738   0.06687   0.06604   0.06490   0.06348   0.06180   0.05991   0.05785   0.05564   0.05333   0.05097   0.04859   0.04623   0.04391   0.04168   0.03954   0.03753   0.03565   0.03392
  0.06348   0.06332   0.06286   0.06210   0.06107   0.05977   0.05825   0.05653   0.05465   0.05264   0.05054   0.04839   0.04623   0.04408   0.04197   0.03994   0.03799   0.03616   0.03445   0.03288
  0.05949   0.05935   0.05893   0.05825   0.05731   0.05615   0.05477   0.05322   0.05152   0.04970   0.04781   0.04587   0.04391   0.04197   0.04007   0.03823   0.03648   0.03482   0.03328   0.03186
  0.05564   0.05551   0.05514   0.05453   0.05369   0.05264   0.05141   0.05002   0.04849   0.04687   0.04517   0.04343   0.04168   0.03994   0.03823   0.03659   0.03501   0.03353   0.03215   0.03087
  0.05196   0.05185   0.05152   0.05097   0.05023   0.04929   0.04820   0.04696   0.04560   0.04416   0.04265   0.04110   0.03954   0.03799   0.03648   0.03501   0.03362   0.03230   0.03107   0.02993
  0.04849   0.04839   0.04810   0.04762   0.04696   0.04614   0.04517   0.04408   0.04288   0.04160   0.04027   0.03891   0.03753   0.03616   0.03482   0.03353   0.03230   0.03113   0.03005   0.02904
  0.04526   0.04517   0.04491   0.04449   0.04391   0.04319   0.04235   0.04139   0.04034   0.03922   0.03805   0.03686   0.03565   0.03445   0.03328   0.03215   0.03107   0.03005   0.02909   0.02822
  0.04227   0.04219   0.04197   0.04160   0.04110   0.04048   0.03974   0.03891   0.03799   0.03702   0.03601   0.03497   0.03392   0.03288   0.03186   0.03087   0.02993   0.02904   0.02822   0.02745
