  0.15723   0.15683   0.15562   0.15365   0.15094   0.14755   0.14355   0.13900   0.13400   0.12864   0.12299   0.11717   0.11125   0.10531   0.09944   0.09371   0.08818   0.08290   0.07791   0.07324
  0.15683   0.15642   0.15523   0.15326   0.15056   0.14718   0.14319   0.13866   0.13368   0.12833   0.12271   0.11690   0.11100   0.10508   0.09924   0.09353   0.08801   0.08275   0.07777   0.07312
  0.15562   0.15523   0.15404   0.15209   0.14942   0.14608   0.14213   0.13764   0.13271   0.12742   0.12185   0.11610   0.11026   0.10441   0.09862   0.09297   0.08751   0.08230   0.07737   0.07277
  0.15365   0.15326   0.15209   0.15018   0.14755   0.14426   0.14038   0.13597   0.13112   0.12592   0.12045   0.11479   0.10905   0.10330   0.09761   0.09205   0.08668   0.08156   0.07672   0.07219
  0.15094   0.15056   0.14942   0.14755   0.14499   0.14178   0.13798   0.13368   0.12894   0.12386   0.11852   0.11300   0.10739   0.10177   0.09621   0.09079   0.08555   0.08054   0.07582   0.07139
  0.14755   0.14718   0.14608   0.14426   0.14178   0.13866   0.13498   0.13081   0.12622   0.12129   0.11610   0.11075   0.10531   0.09986   0.09447   0.08921   0.08413   0.07927   0.07469   0.07040
  0.14355   0.14319   0.14213   0.14038   0.13798   0.13498   0.13144   0.12742   0.12299   0.11825   0.11325   0.10810   0.10286   0.09761   0.09241   0.08734   0.08245   0.07777   0.07336   0.06922
  0.13900   0.13866   0.13764   0.13597   0.13368   0.13081   0.12742   0.12357   0.11934   0.11479   0.11002   0.10508   0.10007   0.09505   0.09008   0.08523   0.08054   0.07607   0.07184   0.06789
  0.13400   0.13368   0.13271   0.13112   0.12894   0.12622   0.12299   0.11934   0.11532   0.11100   0.10646   0.10177   0.09700   0.09223   0.08751   0.08290   0.07845   0.07420   0.07018   0.06642
  0.12864   0.12833   0.12742   0.12592   0.12386   0.12129   0.11825   0.11479   0.11100   0.10692   0.10264   0.09821   0.09371   0.08921   0.08475   0.08040   0.07620   0.07219   0.06840   0.06485
  0.12299   0.12271   0.12185   0.12045   0.11852   0.11610   0.11325   0.11002   0.10646   0.10264   0.09862   0.09447   0.09025   0.08603   0.08185   0.07777   0.07383   0.07007   0.06652   0.06319
  0.11717   0.11690   0.11610   0.11479   0.11300   0.11075   0.10810   0.10508   0.10177   0.09821   0.09447   0.09061   0.08668   0.08275   0.07886   0.07506   0.07139   0.06789   0.06458   0.06148
  0.11125   0.11100   0.11026   0.10905   0.10739   0.10531   0.10286   0.10007   0.09700   0.09371   0.09025   0.08668   0.08305   0.07941   0.07582   0.07230   0.06891   0.06567   0.06261   0.05975
  0.10531   0.10508   0.10441   0.10330   0.10177   0.09986   0.09761   0.09505   0.09223   0.08921   0.08603   0.08275   0.07941   0.07607   0.07277   0.06954   0.06642   0.06345   0.06064   0.05801
  0.09944   0.09924   0.09862   0.09761   0.09621   0.09447   0.09241   0.09008   0.08751   0.08475   0.08185   0.07886   0.07582   0.07277   0.06975   0.06681   0.06396   0.06125   0.05869   0.05629
  0.09371   0.09353   0.09297   0.09205   0.09079   0.08921   0.08734   0.08523   0.08290   0.08040   0.07777   0.07506   0.07230   0.06954   0.06681   0.06414   0.06156   0.05910   0.05678   0.05460
  0.08818   0.08801   0.08751   0.08668   0.08555   0.08413   0.08245   0.08054   0.07845   0.07620   0.07383   0.07139   0.06891   0.06642   0.06396   0.06156   0.05925   0.05703   0.05494   0.05298
  0.08290   0.08275   0.08230   0.08156   0.08054   0.07927   0.07777   0.07607   0.07420   0.07219   0.07007   0.06789   0.06567   0.06345   0.06125   0.05910   0.05703   0.05505   0.05318   0.05143
  0.07791   0.07777   0.07737   0.07672   0.07582   0.07469   0.07336   0.07184   0.07018   0.06840   0.06652   0.06458   0.06261   0.06064   0.05869   0.05678   0.05494   0.05318   0.05152   0.04997
  0.07324   0.07312   0.07277   0.07219   0.07139   0.07040   0.06922   0.06789   0.06642   0.06485   0.06319   0.06148   0.05975   0.05801   0.05629   0.05460   0.05298   0.05143   0.04997   0.04860
