  0.04189   0.04183   0.04164   0.04134   0.04091   0.04039   0.03976   0.03905   0.03826   0.03740   0.03650   0.03556   0.03460   0.03363   0.03266   0.03171   0.03077   0.02987   0.02901   0.02820
  0.04183   0.04177   0.04158   0.04127   0.04085   0.04033   0.03970   0.03899   0.03820   0.03736   0.03646   0.03552   0.03456   0.03360   0.03263   0.03168   0.03075   0.02985   0.02899   0.02817
  0.04164   0.04158   0.04140   0.04109   0.04068   0.04016   0.03954   0.03883   0.03805   0.03721   0.03632   0.03539   0.03444   0.03348   0.03253   0.03158   0.03066   0.02977   0.02892   0.02811
  0.04134   0.04127   0.04109   0.04080   0.04039   0.03987   0.03926   0.03857   0.03780   0.03697   0.03609   0.03518   0.03425   0.03330   0.03236   0.03143   0.03052   0.02964   0.02880   0.02801
  0.04091   0.04085   0.04068   0.04039   0.03998   0.03948   0.03888   0.03820   0.03745   0.03664   0.03578   0.03489   0.03397   0.03305   0.03213   0.03122   0.03033   0.02947   0.02865   0.02787
  0.04039   0.04033   0.04016   0.03987   0.03948   0.03899   0.03841   0.03775   0.03702   0.03623   0.03539   0.03452   0.03363   0.03273   0.03183   0.03095   0.03008   0.02925   0.02845   0.02769
  0.03976   0.03970   0.03954   0.03926   0.03888   0.03841   0.03785   0.03721   0.03650   0.03574   0.03493   0.03409   0.03323   0.03236   0.03149   0.03063   0.02980   0.02899   0.02822   0.02748
  0.03905   0.03899   0.03883   0.03857   0.03820   0.03775   0.03721   0.03659   0.03591   0.03518   0.03440   0.03360   0.03277   0.03193   0.03110   0.03027   0.02947   0.02869   0.02795   0.02725
  0.03826   0.03820   0.03805   0.03780   0.03745   0.03702   0.03650   0.03591   0.03526   0.03456   0.03382   0.03305   0.03226   0.03146   0.03066   0.02987   0.02911   0.02836   0.02765   0.02698
  0.03740   0.03736   0.03721   0.03697   0.03664   0.03623   0.03574   0.03518   0.03456   0.03390   0.03319   0.03246   0.03171   0.03095   0.03019   0.02944   0.02871   0.02801   0.02734   0.02670
  0.03650   0.03646   0.03632   0.03609   0.03578   0.03539   0.03493   0.03440   0.03382   0.03319   0.03253   0.03183   0.03113   0.03041   0.02969   0.02899   0.02830   0.02764   0.02700   0.02640
  0.03556   0.03552   0.03539   0.03518   0.03489   0.03452   0.03409   0.03360   0.03305   0.03246   0.03183   0.03119   0.03052   0.02985   0.02918   0.02852   0.02787   0.02725   0.02665   0.02608
  0.03460   0.03456   0.03444   0.03425   0.03397   0.03363   0.03323   0.03277   0.03226   0.03171   0.03113   0.03052   0.02990   0.02927   0.02865   0.02803   0.02743   0.02685   0.02629   0.02576
  0.03363   0.03360   0.03348   0.03330   0.03305   0.03273   0.03236   0.03193   0.03146   0.03095   0.03041   0.02985   0.02927   0.02869   0.02811   0.02754   0.02698   0.02644   0.02593   0.02544
  0.03266   0.03263   0.03253   0.03236   0.03213   0.03183   0.03149   0.03110   0.03066   0.03019   0.02969   0.02918   0.02865   0.02811   0.02758   0.02705   0.02654   0.02604   0.02557   0.02512
  0.03171   0.03168   0.03158   0.03143   0.03122   0.03095   0.03063   0.03027   0.02987   0.02944   0.02899   0.02852   0.02803   0.02754   0.02705   0.02657   0.02610   0.02564   0.02521   0.02480
  0.03077   0.03075   0.03066   0.03052   0.03033   0.03008   0.02980   0.02947   0.02911   0.02871   0.02830   0.02787   0.02743   0.02698   0.02654   0.02610   0.02567   0.02526   0.02486   0.02448
  0.02987   0.02985   0.02977   0.02964   0.02947   0.02925   0.02899   0.02869   0.02836   0.02801   0.02764   0.02725   0.02685   0.02644   0.02604   0.02564   0.02526   0.02488   0.02452   0.02418
  0.02901   0.02899   0.02892   0.02880   0.02865   0.02845   0.02822   0.02795   0.02765   0.02734   0.02700   0.02665   0.02629   0.02593   0.02557   0.02521   0.02486   0.02452   0.02420   0.02390
  0.02820   0.02817   0.02811   0.02801   0.02787   0.02769   0.02748   0.02725   0.02698   0.02670   0.02640   0.02608   0.02576   0.02544   0.02512   0.02480   0.02448   0.02418   0.02390   0.02362
