  0.07935   0.07915   0.07854   0.07755   0.07618   0.07447   0.07245   0.07015   0.06763   0.06492   0.06207   0.05913   0.05614   0.05315   0.05018   0.04729   0.04450   0.04183   0.03931   0.03696
  0.07915   0.07895   0.07834   0.07735   0.07599   0.07428   0.07227   0.06998   0.06746   0.06476   0.06193   0.05900   0.05602   0.05303   0.05008   0.04720   0.04442   0.04176   0.03925   0.03690
  0.07854   0.07834   0.07774   0.07676   0.07541   0.07372   0.07173   0.06947   0.06698   0.06430   0.06149   0.05859   0.05564   0.05269   0.04977   0.04692   0.04416   0.04153   0.03905   0.03672
  0.07755   0.07735   0.07676   0.07579   0.07447   0.07281   0.07085   0.06862   0.06617   0.06355   0.06078   0.05793   0.05503   0.05213   0.04926   0.04645   0.04374   0.04116   0.03871   0.03643
  0.07618   0.07599   0.07541   0.07447   0.07317   0.07155   0.06964   0.06746   0.06507   0.06251   0.05981   0.05703   0.05419   0.05136   0.04855   0.04581   0.04317   0.04065   0.03826   0.03603
  0.07447   0.07428   0.07372   0.07281   0.07155   0.06998   0.06812   0.06602   0.06370   0.06121   0.05859   0.05589   0.05315   0.05039   0.04767   0.04502   0.04245   0.04000   0.03769   0.03553
  0.07245   0.07227   0.07173   0.07085   0.06964   0.06812   0.06633   0.06430   0.06207   0.05967   0.05715   0.05455   0.05191   0.04926   0.04664   0.04408   0.04161   0.03925   0.03702   0.03493
  0.07015   0.06998   0.06947   0.06862   0.06746   0.06602   0.06430   0.06236   0.06023   0.05793   0.05552   0.05303   0.05050   0.04796   0.04546   0.04301   0.04065   0.03839   0.03626   0.03426
  0.06763   0.06746   0.06698   0.06617   0.06507   0.06370   0.06207   0.06023   0.05820   0.05602   0.05372   0.05136   0.04895   0.04654   0.04416   0.04183   0.03959   0.03744   0.03542   0.03352
  0.06492   0.06476   0.06430   0.06355   0.06251   0.06121   0.05967   0.05793   0.05602   0.05396   0.05180   0.04956   0.04729   0.04502   0.04277   0.04057   0.03845   0.03643   0.03451   0.03273
  0.06207   0.06193   0.06149   0.06078   0.05981   0.05859   0.05715   0.05552   0.05372   0.05180   0.04977   0.04767   0.04555   0.04341   0.04131   0.03925   0.03726   0.03536   0.03357   0.03189
  0.05913   0.05900   0.05859   0.05793   0.05703   0.05589   0.05455   0.05303   0.05136   0.04956   0.04767   0.04573   0.04374   0.04176   0.03980   0.03788   0.03603   0.03426   0.03259   0.03103
  0.05614   0.05602   0.05564   0.05503   0.05419   0.05315   0.05191   0.05050   0.04895   0.04729   0.04555   0.04374   0.04191   0.04007   0.03826   0.03649   0.03477   0.03314   0.03160   0.03015
  0.05315   0.05303   0.05269   0.05213   0.05136   0.05039   0.04926   0.04796   0.04654   0.04502   0.04341   0.04176   0.04007   0.03839   0.03672   0.03509   0.03352   0.03202   0.03060   0.02927
  0.05018   0.05008   0.04977   0.04926   0.04855   0.04767   0.04664   0.04546   0.04416   0.04277   0.04131   0.03980   0.03826   0.03672   0.03520   0.03371   0.03228   0.03091   0.02961   0.02840
  0.04729   0.04720   0.04692   0.04645   0.04581   0.04502   0.04408   0.04301   0.04183   0.04057   0.03925   0.03788   0.03649   0.03509   0.03371   0.03237   0.03107   0.02983   0.02865   0.02756
  0.04450   0.04442   0.04416   0.04374   0.04317   0.04245   0.04161   0.04065   0.03959   0.03845   0.03726   0.03603   0.03477   0.03352   0.03228   0.03107   0.02990   0.02878   0.02772   0.02674
  0.04183   0.04176   0.04153   0.04116   0.04065   0.04000   0.03925   0.03839   0.03744   0.03643   0.03536   0.03426   0.03314   0.03202   0.03091   0.02983   0.02878   0.02778   0.02684   0.02595
  0.03931   0.03925   0.03905   0.03871   0.03826   0.03769   0.03702   0.03626   0.03542   0.03451   0.03357   0.03259   0.03160   0.03060   0.02961   0.02865   0.02772   0.02684   0.02600   0.02522
  0.03696   0.03690   0.03672   0.03643   0.03603   0.03553   0.03493   0.03426   0.03352   0.03273   0.03189   0.03103   0.03015   0.02927   0.02840   0.02756   0.02674   0.02595   0.02522   0.02452
