  0.31916   0.31773   0.31349   0.30657   0.29719   0.28564   0.27227   0.25746   0.24163   0.22517   0.20848   0.19193   0.17584   0.16049   0.14608   0.13278   0.12070   0.10989   0.10034   0.09204
  0.31773   0.31631   0.31209   0.30520   0.29588   0.28439   0.27109   0.25637   0.24062   0.22425   0.20765   0.19119   0.17519   0.15991   0.14559   0.13236   0.12034   0.10959   0.10010   0.09184
  0.31349   0.31209   0.30794   0.30116   0.29199   0.28069   0.26760   0.25311   0.23762   0.22151   0.20518   0.18899   0.17324   0.15822   0.14412   0.13111   0.11928   0.10870   0.09936   0.09124
  0.30657   0.30520   0.30116   0.29457   0.28564   0.27464   0.26191   0.24781   0.23272   0.21705   0.20116   0.18540   0.17007   0.15545   0.14173   0.12906   0.11756   0.10726   0.09817   0.09027
  0.29719   0.29588   0.29199   0.28564   0.27704   0.26645   0.25419   0.24062   0.22609   0.21100   0.19570   0.18053   0.16578   0.15170   0.13849   0.12629   0.11522   0.10530   0.09655   0.08894
  0.28564   0.28439   0.28069   0.27464   0.26645   0.25637   0.24469   0.23176   0.21793   0.20356   0.18899   0.17454   0.16049   0.14708   0.13449   0.12288   0.11233   0.10289   0.09456   0.08731
  0.27227   0.27109   0.26760   0.26191   0.25419   0.24469   0.23369   0.22151   0.20848   0.19494   0.18121   0.16760   0.15436   0.14173   0.12987   0.11894   0.10900   0.10010   0.09225   0.08542
  0.25746   0.25637   0.25311   0.24781   0.24062   0.23176   0.22151   0.21016   0.19802   0.18540   0.17260   0.15991   0.14758   0.13580   0.12476   0.11456   0.10530   0.09701   0.08969   0.08333
  0.24163   0.24062   0.23762   0.23272   0.22609   0.21793   0.20848   0.19802   0.18682   0.17519   0.16339   0.15170   0.14032   0.12947   0.11928   0.10989   0.10135   0.09370   0.08696   0.08109
  0.22517   0.22425   0.22151   0.21705   0.21100   0.20356   0.19494   0.18540   0.17519   0.16458   0.15382   0.14315   0.13278   0.12288   0.11360   0.10503   0.09724   0.09027   0.08412   0.07877
  0.20848   0.20765   0.20518   0.20116   0.19570   0.18899   0.18121   0.17260   0.16339   0.15382   0.14412   0.13449   0.12514   0.11621   0.10783   0.10010   0.09307   0.08678   0.08123   0.07641
  0.19193   0.19119   0.18899   0.18540   0.18053   0.17454   0.16760   0.15991   0.15170   0.14315   0.13449   0.12591   0.11756   0.10959   0.10211   0.09521   0.08894   0.08333   0.07838   0.07407
  0.17584   0.17519   0.17324   0.17007   0.16578   0.16049   0.15436   0.14758   0.14032   0.13278   0.12514   0.11756   0.11019   0.10315   0.09655   0.09046   0.08492   0.07997   0.07560   0.07180
  0.16049   0.15991   0.15822   0.15545   0.15170   0.14708   0.14173   0.13580   0.12947   0.12288   0.11621   0.10959   0.10315   0.09701   0.09124   0.08592   0.08109   0.07676   0.07295   0.06963
  0.14608   0.14559   0.14412   0.14173   0.13849   0.13449   0.12987   0.12476   0.11928   0.11360   0.10783   0.10211   0.09655   0.09124   0.08626   0.08167   0.07749   0.07376   0.07046   0.06759
  0.13278   0.13236   0.13111   0.12906   0.12629   0.12288   0.11894   0.11456   0.10989   0.10503   0.10010   0.09521   0.09046   0.08592   0.08167   0.07774   0.07417   0.07098   0.06816   0.06571
  0.12070   0.12034   0.11928   0.11756   0.11522   0.11233   0.10900   0.10530   0.10135   0.09724   0.09307   0.08894   0.08492   0.08109   0.07749   0.07417   0.07116   0.06846   0.06608   0.06401
  0.10989   0.10959   0.10870   0.10726   0.10530   0.10289   0.10010   0.09701   0.09370   0.09027   0.08678   0.08333   0.07997   0.07676   0.07376   0.07098   0.06846   0.06620   0.06421   0.06248
  0.10034   0.10010   0.09936   0.09817   0.09655   0.09456   0.09225   0.08969   0.08696   0.08412   0.08123   0.07838   0.07560   0.07295   0.07046   0.06816   0.06608   0.06421   0.06256   0.06113
  0.09204   0.09184   0.09124   0.09027   0.08894   0.08731   0.08542   0.08333   0.08109   0.07877   0.07641   0.07407   0.07180   0.06963   0.06759   0.06571   0.06401   0.06248   0.06113   0.05996
