  0.08787   0.08752   0.08647   0.08476   0.08242   0.07953   0.07616   0.07238   0.06830   0.06401   0.05959   0.05513   0.05073   0.04644   0.04234   0.03847   0.03486   0.03155   0.02855   0.02587
  0.08752   0.08717   0.08613   0.08442   0.08210   0.07922   0.07586   0.07210   0.06804   0.06376   0.05937   0.05493   0.05055   0.04628   0.04220   0.03834   0.03475   0.03146   0.02847   0.02580
  0.08647   0.08613   0.08510   0.08342   0.08112   0.07828   0.07497   0.07127   0.06726   0.06304   0.05871   0.05433   0.05001   0.04580   0.04177   0.03797   0.03443   0.03119   0.02824   0.02560
  0.08476   0.08442   0.08342   0.08177   0.07953   0.07676   0.07352   0.06990   0.06599   0.06186   0.05763   0.05336   0.04913   0.04502   0.04108   0.03737   0.03391   0.03073   0.02786   0.02528
  0.08242   0.08210   0.08112   0.07953   0.07736   0.07468   0.07154   0.06804   0.06425   0.06026   0.05616   0.05202   0.04793   0.04395   0.04014   0.03654   0.03320   0.03012   0.02734   0.02484
  0.07953   0.07922   0.07828   0.07676   0.07468   0.07210   0.06910   0.06573   0.06210   0.05827   0.05433   0.05037   0.04644   0.04263   0.03897   0.03552   0.03231   0.02936   0.02669   0.02430
  0.07616   0.07586   0.07497   0.07352   0.07154   0.06910   0.06624   0.06304   0.05959   0.05595   0.05221   0.04844   0.04471   0.04108   0.03761   0.03433   0.03128   0.02847   0.02594   0.02366
  0.07238   0.07210   0.07127   0.06990   0.06804   0.06573   0.06304   0.06003   0.05678   0.05336   0.04983   0.04628   0.04277   0.03936   0.03608   0.03300   0.03012   0.02748   0.02509   0.02295
  0.06830   0.06804   0.06726   0.06599   0.06425   0.06210   0.05959   0.05678   0.05374   0.05055   0.04726   0.04395   0.04067   0.03749   0.03443   0.03155   0.02887   0.02641   0.02418   0.02218
  0.06401   0.06376   0.06304   0.06186   0.06026   0.05827   0.05595   0.05336   0.05055   0.04760   0.04456   0.04150   0.03847   0.03552   0.03270   0.03004   0.02756   0.02528   0.02322   0.02137
  0.05959   0.05937   0.05871   0.05763   0.05616   0.05433   0.05221   0.04983   0.04726   0.04456   0.04177   0.03897   0.03620   0.03350   0.03091   0.02847   0.02620   0.02412   0.02223   0.02054
  0.05513   0.05493   0.05433   0.05336   0.05202   0.05037   0.04844   0.04628   0.04395   0.04150   0.03897   0.03643   0.03391   0.03146   0.02912   0.02690   0.02484   0.02295   0.02124   0.01970
  0.05073   0.05055   0.05001   0.04913   0.04793   0.04644   0.04471   0.04277   0.04067   0.03847   0.03620   0.03391   0.03165   0.02944   0.02734   0.02535   0.02349   0.02179   0.02025   0.01887
  0.04644   0.04628   0.04580   0.04502   0.04395   0.04263   0.04108   0.03936   0.03749   0.03552   0.03350   0.03146   0.02944   0.02748   0.02560   0.02383   0.02218   0.02067   0.01929   0.01807
  0.04234   0.04220   0.04177   0.04108   0.04014   0.03897   0.03761   0.03608   0.03443   0.03270   0.03091   0.02912   0.02734   0.02560   0.02395   0.02238   0.02093   0.01959   0.01838   0.01729
  0.03847   0.03834   0.03797   0.03737   0.03654   0.03552   0.03433   0.03300   0.03155   0.03004   0.02847   0.02690   0.02535   0.02383   0.02238   0.02101   0.01974   0.01857   0.01751   0.01656
  0.03486   0.03475   0.03443   0.03391   0.03320   0.03231   0.03128   0.03012   0.02887   0.02756   0.02620   0.02484   0.02349   0.02218   0.02093   0.01974   0.01864   0.01762   0.01671   0.01588
  0.03155   0.03146   0.03119   0.03073   0.03012   0.02936   0.02847   0.02748   0.02641   0.02528   0.02412   0.02295   0.02179   0.02067   0.01959   0.01857   0.01762   0.01675   0.01597   0.01526
  0.02855   0.02847   0.02824   0.02786   0.02734   0.02669   0.02594   0.02509   0.02418   0.02322   0.02223   0.02124   0.02025   0.01929   0.01838   0.01751   0.01671   0.01597   0.01530   0.01470
  0.02587   0.02580   0.02560   0.02528   0.02484   0.02430   0.02366   0.02295   0.02218   0.02137   0.02054   0.01970   0.01887   0.01807   0.01729   0.01656   0.01588   0.01526   0.01470   0.01419
