  0.19297   0.19230   0.19031   0.18705   0.18259   0.17705   0.17056   0.16327   0.15533   0.14693   0.13822   0.12937   0.12054   0.11186   0.10346   0.09545   0.08789   0.08087   0.07441   0.06854
  0.19230   0.19164   0.18965   0.18640   0.18197   0.17645   0.16998   0.16272   0.15482   0.14645   0.13778   0.12897   0.12017   0.11153   0.10317   0.09519   0.08767   0.08067   0.07424   0.06840
  0.19031   0.18965   0.18770   0.18449   0.18010   0.17466   0.16827   0.16110   0.15330   0.14504   0.13647   0.12777   0.11909   0.11056   0.10230   0.09442   0.08699   0.08008   0.07373   0.06796
  0.18705   0.18640   0.18449   0.18134   0.17705   0.17172   0.16547   0.15845   0.15081   0.14272   0.13433   0.12581   0.11731   0.10896   0.10087   0.09315   0.08588   0.07912   0.07290   0.06725
  0.18259   0.18197   0.18010   0.17705   0.17289   0.16771   0.16164   0.15482   0.14740   0.13955   0.13141   0.12314   0.11488   0.10677   0.09892   0.09143   0.08437   0.07780   0.07176   0.06628
  0.17705   0.17645   0.17466   0.17172   0.16771   0.16272   0.15688   0.15032   0.14318   0.13561   0.12777   0.11981   0.11186   0.10405   0.09649   0.08928   0.08248   0.07616   0.07035   0.06507
  0.17056   0.16998   0.16827   0.16547   0.16164   0.15688   0.15130   0.14504   0.13822   0.13100   0.12351   0.11591   0.10832   0.10087   0.09365   0.08677   0.08028   0.07424   0.06869   0.06365
  0.16327   0.16272   0.16110   0.15845   0.15482   0.15032   0.14504   0.13910   0.13265   0.12581   0.11873   0.11153   0.10435   0.09729   0.09046   0.08394   0.07780   0.07208   0.06683   0.06206
  0.15533   0.15482   0.15330   0.15081   0.14740   0.14318   0.13822   0.13265   0.12659   0.12017   0.11353   0.10677   0.10003   0.09340   0.08699   0.08087   0.07510   0.06974   0.06481   0.06033
  0.14693   0.14645   0.14504   0.14272   0.13955   0.13561   0.13100   0.12581   0.12017   0.11420   0.10801   0.10172   0.09545   0.08928   0.08331   0.07761   0.07224   0.06725   0.06266   0.05849
  0.13822   0.13778   0.13647   0.13433   0.13141   0.12777   0.12351   0.11873   0.11353   0.10801   0.10230   0.09649   0.09070   0.08501   0.07950   0.07424   0.06929   0.06468   0.06044   0.05659
  0.12937   0.12897   0.12777   0.12581   0.12314   0.11981   0.11591   0.11153   0.10677   0.10172   0.09649   0.09118   0.08588   0.08067   0.07563   0.07081   0.06628   0.06206   0.05818   0.05466
  0.12054   0.12017   0.11909   0.11731   0.11488   0.11186   0.10832   0.10435   0.10003   0.09545   0.09070   0.08588   0.08107   0.07634   0.07176   0.06739   0.06328   0.05945   0.05593   0.05273
  0.11186   0.11153   0.11056   0.10896   0.10677   0.10405   0.10087   0.09729   0.09340   0.08928   0.08501   0.08067   0.07634   0.07208   0.06796   0.06403   0.06033   0.05688   0.05372   0.05084
  0.10346   0.10317   0.10230   0.10087   0.09892   0.09649   0.09365   0.09046   0.08699   0.08331   0.07950   0.07563   0.07176   0.06796   0.06429   0.06078   0.05747   0.05440   0.05157   0.04901
  0.09545   0.09519   0.09442   0.09315   0.09143   0.08928   0.08677   0.08394   0.08087   0.07761   0.07424   0.07081   0.06739   0.06403   0.06078   0.05767   0.05475   0.05203   0.04953   0.04726
  0.08789   0.08767   0.08699   0.08588   0.08437   0.08248   0.08028   0.07780   0.07510   0.07224   0.06929   0.06628   0.06328   0.06033   0.05747   0.05475   0.05218   0.04979   0.04760   0.04561
  0.08087   0.08067   0.08008   0.07912   0.07780   0.07616   0.07424   0.07208   0.06974   0.06725   0.06468   0.06206   0.05945   0.05688   0.05440   0.05203   0.04979   0.04772   0.04581   0.04407
  0.07441   0.07424   0.07373   0.07290   0.07176   0.07035   0.06869   0.06683   0.06481   0.06266   0.06044   0.05818   0.05593   0.05372   0.05157   0.04953   0.04760   0.04581   0.04416   0.04266
  0.06854   0.06840   0.06796   0.06725   0.06628   0.06507   0.06365   0.06206   0.06033   0.05849   0.05659   0.05466   0.05273   0.05084   0.04901   0.04726   0.04561   0.04407   0.04266   0.04138
