  0.06210   0.06193   0.06143   0.06061   0.05947   0.05806   0.05638   0.05448   0.05238   0.05013   0.04777   0.04532   0.04283   0.04033   0.03786   0.03544   0.03311   0.03087   0.02876   0.02677
  0.06193   0.06177   0.06127   0.06044   0.05931   0.05790   0.05623   0.05433   0.05225   0.05001   0.04765   0.04521   0.04273   0.04024   0.03777   0.03536   0.03303   0.03081   0.02870   0.02672
  0.06143   0.06127   0.06077   0.05996   0.05884   0.05744   0.05579   0.05391   0.05184   0.04962   0.04729   0.04487   0.04242   0.03995   0.03751   0.03513   0.03282   0.03062   0.02853   0.02657
  0.06061   0.06044   0.05996   0.05915   0.05806   0.05668   0.05505   0.05321   0.05118   0.04899   0.04670   0.04432   0.04191   0.03948   0.03708   0.03474   0.03247   0.03030   0.02825   0.02633
  0.05947   0.05931   0.05884   0.05806   0.05698   0.05564   0.05405   0.05225   0.05026   0.04813   0.04589   0.04357   0.04121   0.03884   0.03650   0.03421   0.03199   0.02987   0.02787   0.02599
  0.05806   0.05790   0.05744   0.05668   0.05564   0.05433   0.05279   0.05104   0.04912   0.04705   0.04487   0.04262   0.04033   0.03804   0.03576   0.03354   0.03139   0.02933   0.02739   0.02557
  0.05638   0.05623   0.05579   0.05505   0.05405   0.05279   0.05131   0.04962   0.04777   0.04577   0.04367   0.04150   0.03930   0.03708   0.03489   0.03275   0.03068   0.02870   0.02682   0.02507
  0.05448   0.05433   0.05391   0.05321   0.05225   0.05104   0.04962   0.04801   0.04623   0.04432   0.04231   0.04024   0.03812   0.03600   0.03391   0.03186   0.02987   0.02798   0.02618   0.02450
  0.05238   0.05225   0.05184   0.05118   0.05026   0.04912   0.04777   0.04623   0.04454   0.04273   0.04082   0.03884   0.03683   0.03482   0.03282   0.03087   0.02898   0.02718   0.02547   0.02387
  0.05013   0.05001   0.04962   0.04899   0.04813   0.04705   0.04577   0.04432   0.04273   0.04101   0.03921   0.03734   0.03544   0.03354   0.03165   0.02981   0.02803   0.02633   0.02471   0.02320
  0.04777   0.04765   0.04729   0.04670   0.04589   0.04487   0.04367   0.04231   0.04082   0.03921   0.03751   0.03576   0.03398   0.03220   0.03043   0.02870   0.02703   0.02543   0.02391   0.02250
  0.04532   0.04521   0.04487   0.04432   0.04357   0.04262   0.04150   0.04024   0.03884   0.03734   0.03576   0.03413   0.03247   0.03081   0.02916   0.02755   0.02599   0.02450   0.02309   0.02177
  0.04283   0.04273   0.04242   0.04191   0.04121   0.04033   0.03930   0.03812   0.03683   0.03544   0.03398   0.03247   0.03093   0.02939   0.02787   0.02638   0.02493   0.02355   0.02225   0.02102
  0.04033   0.04024   0.03995   0.03948   0.03884   0.03804   0.03708   0.03600   0.03482   0.03354   0.03220   0.03081   0.02939   0.02798   0.02657   0.02520   0.02387   0.02261   0.02140   0.02028
  0.03786   0.03777   0.03751   0.03708   0.03650   0.03576   0.03489   0.03391   0.03282   0.03165   0.03043   0.02916   0.02787   0.02657   0.02529   0.02404   0.02283   0.02167   0.02057   0.01954
  0.03544   0.03536   0.03513   0.03474   0.03421   0.03354   0.03275   0.03186   0.03087   0.02981   0.02870   0.02755   0.02638   0.02520   0.02404   0.02290   0.02180   0.02075   0.01975   0.01882
  0.03311   0.03303   0.03282   0.03247   0.03199   0.03139   0.03068   0.02987   0.02898   0.02803   0.02703   0.02599   0.02493   0.02387   0.02283   0.02180   0.02081   0.01986   0.01896   0.01812
  0.03087   0.03081   0.03062   0.03030   0.02987   0.02933   0.02870   0.02798   0.02718   0.02633   0.02543   0.02450   0.02355   0.02261   0.02167   0.02075   0.01986   0.01901   0.01821   0.01746
  0.02876   0.02870   0.02853   0.02825   0.02787   0.02739   0.02682   0.02618   0.02547   0.02471   0.02391   0.02309   0.02225   0.02140   0.02057   0.01975   0.01896   0.01821   0.01750   0.01683
  0.02677   0.02672   0.02657   0.02633   0.02599   0.02557   0.02507   0.02450   0.02387   0.02320   0.02250   0.02177   0.02102   0.02028   0.01954   0.01882   0.01812   0.01746   0.01683   0.01624
