  0.03142   0.03137   0.03123   0.03099   0.03066   0.03024   0.02972   0.02911   0.02842   0.02763   0.02676   0.02581   0.02477   0.02366   0.02247   0.02121   0.01988   0.01848   0.01702   0.01549
  0.03137   0.03133   0.03118   0.03095   0.03062   0.03019   0.02967   0.02907   0.02837   0.02759   0.02672   0.02576   0.02473   0.02362   0.02243   0.02117   0.01983   0.01844   0.01697   0.01545
  0.03123   0.03118   0.03104   0.03080   0.03047   0.03005   0.02953   0.02893   0.02823   0.02745   0.02658   0.02563   0.02459   0.02348   0.02230   0.02104   0.01971   0.01831   0.01685   0.01533
  0.03099   0.03095   0.03080   0.03057   0.03024   0.02981   0.02930   0.02869   0.02800   0.02722   0.02635   0.02540   0.02437   0.02326   0.02208   0.02082   0.01949   0.01810   0.01664   0.01513
  0.03066   0.03062   0.03047   0.03024   0.02991   0.02949   0.02897   0.02837   0.02768   0.02690   0.02603   0.02509   0.02406   0.02295   0.02177   0.02052   0.01920   0.01781   0.01635   0.01484
  0.03024   0.03019   0.03005   0.02981   0.02949   0.02907   0.02856   0.02795   0.02726   0.02649   0.02563   0.02468   0.02366   0.02256   0.02138   0.02013   0.01882   0.01743   0.01598   0.01448
  0.02972   0.02967   0.02953   0.02930   0.02897   0.02856   0.02805   0.02745   0.02676   0.02599   0.02513   0.02419   0.02317   0.02208   0.02091   0.01966   0.01835   0.01697   0.01553   0.01404
  0.02911   0.02907   0.02893   0.02869   0.02837   0.02795   0.02745   0.02685   0.02617   0.02540   0.02455   0.02362   0.02260   0.02151   0.02035   0.01911   0.01781   0.01644   0.01500   0.01351
  0.02842   0.02837   0.02823   0.02800   0.02768   0.02726   0.02676   0.02617   0.02549   0.02473   0.02388   0.02295   0.02195   0.02086   0.01971   0.01848   0.01718   0.01582   0.01440   0.01292
  0.02763   0.02759   0.02745   0.02722   0.02690   0.02649   0.02599   0.02540   0.02473   0.02397   0.02313   0.02221   0.02121   0.02013   0.01898   0.01777   0.01648   0.01513   0.01371   0.01224
  0.02676   0.02672   0.02658   0.02635   0.02603   0.02563   0.02513   0.02455   0.02388   0.02313   0.02230   0.02138   0.02039   0.01932   0.01818   0.01697   0.01570   0.01436   0.01296   0.01150
  0.02581   0.02576   0.02563   0.02540   0.02509   0.02468   0.02419   0.02362   0.02295   0.02221   0.02138   0.02048   0.01949   0.01844   0.01731   0.01611   0.01484   0.01351   0.01213   0.01068
  0.02477   0.02473   0.02459   0.02437   0.02406   0.02366   0.02317   0.02260   0.02195   0.02121   0.02039   0.01949   0.01852   0.01747   0.01635   0.01517   0.01391   0.01260   0.01122   0.00979
  0.02366   0.02362   0.02348   0.02326   0.02295   0.02256   0.02208   0.02151   0.02086   0.02013   0.01932   0.01844   0.01747   0.01644   0.01533   0.01416   0.01292   0.01161   0.01025   0.00884
  0.02247   0.02243   0.02230   0.02208   0.02177   0.02138   0.02091   0.02035   0.01971   0.01898   0.01818   0.01731   0.01635   0.01533   0.01424   0.01308   0.01185   0.01056   0.00922   0.00782
  0.02121   0.02117   0.02104   0.02082   0.02052   0.02013   0.01966   0.01911   0.01848   0.01777   0.01697   0.01611   0.01517   0.01416   0.01308   0.01193   0.01072   0.00945   0.00812   0.00674
  0.01988   0.01983   0.01971   0.01949   0.01920   0.01882   0.01835   0.01781   0.01718   0.01648   0.01570   0.01484   0.01391   0.01292   0.01185   0.01072   0.00952   0.00827   0.00696   0.00559
  0.01848   0.01844   0.01831   0.01810   0.01781   0.01743   0.01697   0.01644   0.01582   0.01513   0.01436   0.01351   0.01260   0.01161   0.01056   0.00945   0.00827   0.00703   0.00574   0.00439
  0.01702   0.01697   0.01685   0.01664   0.01635   0.01598   0.01553   0.01500   0.01440   0.01371   0.01296   0.01213   0.01122   0.01025   0.00922   0.00812   0.00696   0.00574   0.00447   0.00314
  0.01549   0.01545   0.01533   0.01513   0.01484   0.01448   0.01404   0.01351   0.01292   0.01224   0.01150   0.01068   0.00979   0.00884   0.00782   0.00674   0.00559   0.00439   0.00314   0.00183
