  0.34721   0.34579   0.34154   0.33461   0.32516   0.31347   0.29984   0.28462   0.26818   0.25090   0.23316   0.21532   0.19771   0.18061   0.16428   0.14891   0.13465   0.12159   0.10980   0.09928
  0.34579   0.34437   0.34014   0.33324   0.32384   0.31220   0.29864   0.28349   0.26712   0.24993   0.23227   0.21451   0.19698   0.17997   0.16371   0.14842   0.13422   0.12123   0.10949   0.09902
  0.34154   0.34014   0.33598   0.32917   0.31991   0.30843   0.29506   0.28012   0.26399   0.24703   0.22963   0.21212   0.19484   0.17806   0.16203   0.14695   0.13296   0.12014   0.10857   0.09825
  0.33461   0.33324   0.32917   0.32252   0.31347   0.30227   0.28920   0.27462   0.25886   0.24230   0.22530   0.20820   0.19132   0.17494   0.15928   0.14455   0.13088   0.11837   0.10707   0.09699
  0.32516   0.32384   0.31991   0.31347   0.30472   0.29388   0.28124   0.26712   0.25188   0.23586   0.21941   0.20287   0.18654   0.17068   0.15554   0.14129   0.12806   0.11596   0.10502   0.09527
  0.31347   0.31220   0.30843   0.30227   0.29388   0.28349   0.27137   0.25785   0.24324   0.22788   0.21212   0.19626   0.18061   0.16542   0.15091   0.13725   0.12457   0.11297   0.10249   0.09314
  0.29984   0.29864   0.29506   0.28920   0.28124   0.27137   0.25988   0.24703   0.23316   0.21858   0.20362   0.18857   0.17371   0.15928   0.14550   0.13254   0.12050   0.10949   0.09954   0.09066
  0.28462   0.28349   0.28012   0.27462   0.26712   0.25785   0.24703   0.23496   0.22191   0.20820   0.19413   0.17997   0.16599   0.15243   0.13947   0.12728   0.11596   0.10560   0.09624   0.08790
  0.26818   0.26712   0.26399   0.25886   0.25188   0.24324   0.23316   0.22191   0.20976   0.19698   0.18387   0.17068   0.15766   0.14503   0.13296   0.12159   0.11105   0.10140   0.09268   0.08491
  0.25090   0.24993   0.24703   0.24230   0.23586   0.22788   0.21858   0.20820   0.19698   0.18520   0.17310   0.16093   0.14891   0.13725   0.12611   0.11562   0.10589   0.09699   0.08894   0.08176
  0.23316   0.23227   0.22963   0.22530   0.21941   0.21212   0.20362   0.19413   0.18387   0.17310   0.16203   0.15091   0.13992   0.12926   0.11908   0.10949   0.10060   0.09245   0.08510   0.07854
  0.21532   0.21451   0.21212   0.20820   0.20287   0.19626   0.18857   0.17997   0.17068   0.16093   0.15091   0.14083   0.13088   0.12123   0.11200   0.10332   0.09527   0.08790   0.08123   0.07529
  0.19771   0.19698   0.19484   0.19132   0.18654   0.18061   0.17371   0.16599   0.15766   0.14891   0.13992   0.13088   0.12196   0.11330   0.10502   0.09724   0.09001   0.08340   0.07742   0.07209
  0.18061   0.17997   0.17806   0.17494   0.17068   0.16542   0.15928   0.15243   0.14503   0.13725   0.12926   0.12123   0.11330   0.10560   0.09825   0.09133   0.08491   0.07903   0.07372   0.06898
  0.16428   0.16371   0.16203   0.15928   0.15554   0.15091   0.14550   0.13947   0.13296   0.12611   0.11908   0.11200   0.10502   0.09825   0.09177   0.08568   0.08003   0.07486   0.07018   0.06601
  0.14891   0.14842   0.14695   0.14455   0.14129   0.13725   0.13254   0.12728   0.12159   0.11562   0.10949   0.10332   0.09724   0.09133   0.08568   0.08037   0.07544   0.07093   0.06685   0.06322
  0.13465   0.13422   0.13296   0.13088   0.12806   0.12457   0.12050   0.11596   0.11105   0.10589   0.10060   0.09527   0.09001   0.08491   0.08003   0.07544   0.07118   0.06728   0.06376   0.06062
  0.12159   0.12123   0.12014   0.11837   0.11596   0.11297   0.10949   0.10560   0.10140   0.09699   0.09245   0.08790   0.08340   0.07903   0.07486   0.07093   0.06728   0.06395   0.06094   0.05825
  0.10980   0.10949   0.10857   0.10707   0.10502   0.10249   0.09954   0.09624   0.09268   0.08894   0.08510   0.08123   0.07742   0.07372   0.07018   0.06685   0.06376   0.06094   0.05838   0.05610
  0.09928   0.09902   0.09825   0.09699   0.09527   0.09314   0.09066   0.08790   0.08491   0.08176   0.07854   0.07529   0.07209   0.06898   0.06601   0.06322   0.06062   0.05825   0.05610   0.05419
