  0.19847   0.19782   0.19588   0.19269   0.18834   0.18292   0.17655   0.16938   0.16154   0.15321   0.14454   0.13568   0.12680   0.11801   0.10945   0.10122   0.09341   0.08609   0.07930   0.07308
  0.19782   0.19717   0.19524   0.19206   0.18773   0.18233   0.17599   0.16884   0.16104   0.15274   0.14410   0.13528   0.12643   0.11768   0.10915   0.10096   0.09318   0.08588   0.07912   0.07292
  0.19588   0.19524   0.19333   0.19019   0.18591   0.18057   0.17431   0.16724   0.15953   0.15133   0.14280   0.13408   0.12533   0.11668   0.10826   0.10016   0.09247   0.08527   0.07858   0.07246
  0.19269   0.19206   0.19019   0.18712   0.18292   0.17769   0.17155   0.16462   0.15706   0.14902   0.14065   0.13211   0.12353   0.11506   0.10680   0.09886   0.09132   0.08425   0.07770   0.07170
  0.18834   0.18773   0.18591   0.18292   0.17884   0.17375   0.16777   0.16104   0.15369   0.14587   0.13773   0.12942   0.12107   0.11283   0.10479   0.09707   0.08974   0.08287   0.07650   0.07066
  0.18292   0.18233   0.18057   0.17769   0.17375   0.16884   0.16307   0.15657   0.14948   0.14193   0.13408   0.12606   0.11801   0.11005   0.10230   0.09485   0.08778   0.08115   0.07500   0.06936
  0.17655   0.17599   0.17431   0.17155   0.16777   0.16307   0.15755   0.15133   0.14454   0.13731   0.12980   0.12212   0.11441   0.10680   0.09937   0.09224   0.08547   0.07912   0.07323   0.06784
  0.16938   0.16884   0.16724   0.16462   0.16104   0.15657   0.15133   0.14542   0.13897   0.13211   0.12497   0.11768   0.11036   0.10312   0.09608   0.08930   0.08287   0.07684   0.07125   0.06612
  0.16154   0.16104   0.15953   0.15706   0.15369   0.14948   0.14454   0.13897   0.13289   0.12643   0.11970   0.11283   0.10593   0.09911   0.09247   0.08609   0.08003   0.07435   0.06908   0.06425
  0.15321   0.15274   0.15133   0.14902   0.14587   0.14193   0.13731   0.13211   0.12643   0.12038   0.11409   0.10767   0.10122   0.09485   0.08864   0.08267   0.07701   0.07170   0.06677   0.06226
  0.14454   0.14410   0.14280   0.14065   0.13773   0.13408   0.12980   0.12497   0.11970   0.11409   0.10826   0.10230   0.09632   0.09041   0.08466   0.07912   0.07387   0.06894   0.06437   0.06019
  0.13568   0.13528   0.13408   0.13211   0.12942   0.12606   0.12212   0.11768   0.11283   0.10767   0.10230   0.09682   0.09132   0.08588   0.08058   0.07549   0.07066   0.06612   0.06192   0.05807
  0.12680   0.12643   0.12533   0.12353   0.12107   0.11801   0.11441   0.11036   0.10593   0.10122   0.09632   0.09132   0.08630   0.08133   0.07650   0.07185   0.06744   0.06330   0.05946   0.05594
  0.11801   0.11768   0.11668   0.11506   0.11283   0.11005   0.10680   0.10312   0.09911   0.09485   0.09041   0.08588   0.08133   0.07684   0.07246   0.06825   0.06425   0.06050   0.05703   0.05384
  0.10945   0.10915   0.10826   0.10680   0.10479   0.10230   0.09937   0.09608   0.09247   0.08864   0.08466   0.08058   0.07650   0.07246   0.06852   0.06474   0.06115   0.05778   0.05466   0.05180
  0.10122   0.10096   0.10016   0.09886   0.09707   0.09485   0.09224   0.08930   0.08609   0.08267   0.07912   0.07549   0.07185   0.06825   0.06474   0.06137   0.05817   0.05516   0.05238   0.04983
  0.09341   0.09318   0.09247   0.09132   0.08974   0.08778   0.08547   0.08287   0.08003   0.07701   0.07387   0.07066   0.06744   0.06425   0.06115   0.05817   0.05534   0.05268   0.05022   0.04796
  0.08609   0.08588   0.08527   0.08425   0.08287   0.08115   0.07912   0.07684   0.07435   0.07170   0.06894   0.06612   0.06330   0.06050   0.05778   0.05516   0.05268   0.05035   0.04819   0.04621
  0.07930   0.07912   0.07858   0.07770   0.07650   0.07500   0.07323   0.07125   0.06908   0.06677   0.06437   0.06192   0.05946   0.05703   0.05466   0.05238   0.05022   0.04819   0.04631   0.04459
  0.07308   0.07292   0.07246   0.07170   0.07066   0.06936   0.06784   0.06612   0.06425   0.06226   0.06019   0.05807   0.05594   0.05384   0.05180   0.04983   0.04796   0.04621   0.04459   0.04310
