  0.10387   0.10340   0.10202   0.09977   0.09672   0.09296   0.08861   0.08379   0.07863   0.07328   0.06785   0.06246   0.05722   0.05222   0.04754   0.04321   0.03928   0.03576   0.03265   0.02995
  0.10340   0.10294   0.10157   0.09933   0.09629   0.09255   0.08822   0.08343   0.07830   0.07298   0.06758   0.06222   0.05701   0.05204   0.04738   0.04307   0.03916   0.03566   0.03257   0.02989
  0.10202   0.10157   0.10022   0.09801   0.09502   0.09135   0.08709   0.08237   0.07733   0.07209   0.06677   0.06150   0.05638   0.05149   0.04690   0.04266   0.03882   0.03537   0.03233   0.02969
  0.09977   0.09933   0.09801   0.09587   0.09296   0.08938   0.08523   0.08065   0.07574   0.07063   0.06546   0.06033   0.05535   0.05059   0.04612   0.04200   0.03825   0.03490   0.03194   0.02937
  0.09672   0.09629   0.09502   0.09296   0.09016   0.08671   0.08272   0.07830   0.07358   0.06867   0.06369   0.05875   0.05395   0.04936   0.04506   0.04110   0.03749   0.03426   0.03142   0.02894
  0.09296   0.09255   0.09135   0.08938   0.08671   0.08343   0.07963   0.07542   0.07092   0.06624   0.06150   0.05680   0.05222   0.04786   0.04377   0.03999   0.03655   0.03348   0.03077   0.02841
  0.08861   0.08822   0.08709   0.08523   0.08272   0.07963   0.07605   0.07209   0.06785   0.06344   0.05897   0.05454   0.05023   0.04612   0.04226   0.03870   0.03547   0.03257   0.03002   0.02780
  0.08379   0.08343   0.08237   0.08065   0.07830   0.07542   0.07209   0.06839   0.06444   0.06033   0.05617   0.05204   0.04802   0.04419   0.04060   0.03728   0.03426   0.03157   0.02919   0.02711
  0.07863   0.07830   0.07733   0.07574   0.07358   0.07092   0.06785   0.06444   0.06080   0.05701   0.05317   0.04936   0.04566   0.04213   0.03882   0.03576   0.03298   0.03049   0.02830   0.02639
  0.07328   0.07298   0.07209   0.07063   0.06867   0.06624   0.06344   0.06033   0.05701   0.05356   0.05006   0.04658   0.04321   0.03999   0.03696   0.03418   0.03164   0.02937   0.02737   0.02563
  0.06785   0.06758   0.06677   0.06546   0.06369   0.06150   0.05897   0.05617   0.05317   0.05006   0.04690   0.04377   0.04072   0.03781   0.03509   0.03257   0.03029   0.02824   0.02643   0.02486
  0.06246   0.06222   0.06150   0.06033   0.05875   0.05680   0.05454   0.05204   0.04936   0.04658   0.04377   0.04097   0.03825   0.03566   0.03323   0.03098   0.02894   0.02711   0.02550   0.02410
  0.05722   0.05701   0.05638   0.05535   0.05395   0.05222   0.05023   0.04802   0.04566   0.04321   0.04072   0.03825   0.03585   0.03357   0.03142   0.02943   0.02763   0.02602   0.02460   0.02336
  0.05222   0.05204   0.05149   0.05059   0.04936   0.04786   0.04612   0.04419   0.04213   0.03999   0.03781   0.03566   0.03357   0.03157   0.02969   0.02796   0.02639   0.02498   0.02374   0.02266
  0.04754   0.04738   0.04690   0.04612   0.04506   0.04377   0.04226   0.04060   0.03882   0.03696   0.03509   0.03323   0.03142   0.02969   0.02807   0.02657   0.02522   0.02400   0.02293   0.02199
  0.04321   0.04307   0.04266   0.04200   0.04110   0.03999   0.03870   0.03728   0.03576   0.03418   0.03257   0.03098   0.02943   0.02796   0.02657   0.02530   0.02414   0.02310   0.02218   0.02138
  0.03928   0.03916   0.03882   0.03825   0.03749   0.03655   0.03547   0.03426   0.03298   0.03164   0.03029   0.02894   0.02763   0.02639   0.02522   0.02414   0.02315   0.02228   0.02150   0.02083
  0.03576   0.03566   0.03537   0.03490   0.03426   0.03348   0.03257   0.03157   0.03049   0.02937   0.02824   0.02711   0.02602   0.02498   0.02400   0.02310   0.02228   0.02154   0.02089   0.02033
  0.03265   0.03257   0.03233   0.03194   0.03142   0.03077   0.03002   0.02919   0.02830   0.02737   0.02643   0.02550   0.02460   0.02374   0.02293   0.02218   0.02150   0.02089   0.02036   0.01989
  0.02995   0.02989   0.02969   0.02937   0.02894   0.02841   0.02780   0.02711   0.02639   0.02563   0.02486   0.02410   0.02336   0.02266   0.02199   0.02138   0.02083   0.02033   0.01989   0.01951
