  0.01338   0.01336   0.01330   0.01320   0.01306   0.01288   0.01266   0.01240   0.01210   0.01177   0.01140   0.01099   0.01055   0.01008   0.00957   0.00903   0.00847   0.00787   0.00725   0.00660
  0.01336   0.01334   0.01328   0.01318   0.01304   0.01286   0.01264   0.01238   0.01208   0.01175   0.01138   0.01097   0.01053   0.01006   0.00955   0.00902   0.00845   0.00785   0.00723   0.00658
  0.01330   0.01328   0.01322   0.01312   0.01298   0.01280   0.01258   0.01232   0.01202   0.01169   0.01132   0.01092   0.01048   0.01000   0.00950   0.00896   0.00839   0.00780   0.00718   0.00653
  0.01320   0.01318   0.01312   0.01302   0.01288   0.01270   0.01248   0.01222   0.01193   0.01159   0.01122   0.01082   0.01038   0.00991   0.00940   0.00887   0.00830   0.00771   0.00709   0.00644
  0.01306   0.01304   0.01298   0.01288   0.01274   0.01256   0.01234   0.01208   0.01179   0.01146   0.01109   0.01069   0.01025   0.00978   0.00927   0.00874   0.00818   0.00759   0.00697   0.00632
  0.01288   0.01286   0.01280   0.01270   0.01256   0.01238   0.01216   0.01191   0.01161   0.01128   0.01092   0.01051   0.01008   0.00961   0.00911   0.00858   0.00801   0.00743   0.00681   0.00617
  0.01266   0.01264   0.01258   0.01248   0.01234   0.01216   0.01195   0.01169   0.01140   0.01107   0.01070   0.01030   0.00987   0.00940   0.00891   0.00838   0.00782   0.00723   0.00662   0.00598
  0.01240   0.01238   0.01232   0.01222   0.01208   0.01191   0.01169   0.01144   0.01115   0.01082   0.01046   0.01006   0.00963   0.00916   0.00867   0.00814   0.00759   0.00700   0.00639   0.00576
  0.01210   0.01208   0.01202   0.01193   0.01179   0.01161   0.01140   0.01115   0.01086   0.01053   0.01017   0.00978   0.00935   0.00889   0.00839   0.00787   0.00732   0.00674   0.00613   0.00550
  0.01177   0.01175   0.01169   0.01159   0.01146   0.01128   0.01107   0.01082   0.01053   0.01021   0.00985   0.00946   0.00903   0.00858   0.00809   0.00757   0.00702   0.00644   0.00584   0.00522
  0.01140   0.01138   0.01132   0.01122   0.01109   0.01092   0.01070   0.01046   0.01017   0.00985   0.00950   0.00911   0.00869   0.00823   0.00775   0.00723   0.00669   0.00612   0.00552   0.00490
  0.01099   0.01097   0.01092   0.01082   0.01069   0.01051   0.01030   0.01006   0.00978   0.00946   0.00911   0.00872   0.00830   0.00785   0.00737   0.00686   0.00632   0.00576   0.00517   0.00455
  0.01055   0.01053   0.01048   0.01038   0.01025   0.01008   0.00987   0.00963   0.00935   0.00903   0.00869   0.00830   0.00789   0.00744   0.00697   0.00646   0.00593   0.00537   0.00478   0.00417
  0.01008   0.01006   0.01000   0.00991   0.00978   0.00961   0.00940   0.00916   0.00889   0.00858   0.00823   0.00785   0.00744   0.00700   0.00653   0.00603   0.00550   0.00495   0.00437   0.00377
  0.00957   0.00955   0.00950   0.00940   0.00927   0.00911   0.00891   0.00867   0.00839   0.00809   0.00775   0.00737   0.00697   0.00653   0.00606   0.00557   0.00505   0.00450   0.00393   0.00333
  0.00903   0.00902   0.00896   0.00887   0.00874   0.00858   0.00838   0.00814   0.00787   0.00757   0.00723   0.00686   0.00646   0.00603   0.00557   0.00508   0.00457   0.00402   0.00346   0.00287
  0.00847   0.00845   0.00839   0.00830   0.00818   0.00801   0.00782   0.00759   0.00732   0.00702   0.00669   0.00632   0.00593   0.00550   0.00505   0.00457   0.00406   0.00352   0.00296   0.00238
  0.00787   0.00785   0.00780   0.00771   0.00759   0.00743   0.00723   0.00700   0.00674   0.00644   0.00612   0.00576   0.00537   0.00495   0.00450   0.00402   0.00352   0.00300   0.00245   0.00187
  0.00725   0.00723   0.00718   0.00709   0.00697   0.00681   0.00662   0.00639   0.00613   0.00584   0.00552   0.00517   0.00478   0.00437   0.00393   0.00346   0.00296   0.00245   0.00190   0.00134
  0.00660   0.00658   0.00653   0.00644   0.00632   0.00617   0.00598   0.00576   0.00550   0.00522   0.00490   0.00455   0.00417   0.00377   0.00333   0.00287   0.00238   0.00187   0.00134   0.00078
