  0.07730   0.07704   0.07629   0.07505   0.07335   0.07124   0.06876   0.06596   0.06291   0.05967   0.05629   0.05284   0.04938   0.04596   0.04262   0.03942   0.03638   0.03352   0.03088   0.02846
  0.07704   0.07679   0.07604   0.07480   0.07311   0.07101   0.06854   0.06575   0.06272   0.05948   0.05612   0.05268   0.04923   0.04583   0.04251   0.03931   0.03628   0.03344   0.03081   0.02840
  0.07629   0.07604   0.07529   0.07407   0.07240   0.07033   0.06788   0.06513   0.06213   0.05893   0.05561   0.05221   0.04881   0.04544   0.04216   0.03900   0.03601   0.03320   0.03060   0.02822
  0.07505   0.07480   0.07407   0.07288   0.07124   0.06920   0.06681   0.06411   0.06117   0.05803   0.05478   0.05145   0.04811   0.04480   0.04159   0.03850   0.03556   0.03281   0.03026   0.02792
  0.07335   0.07311   0.07240   0.07124   0.06965   0.06767   0.06534   0.06272   0.05985   0.05681   0.05364   0.05040   0.04715   0.04394   0.04081   0.03780   0.03495   0.03227   0.02979   0.02751
  0.07124   0.07101   0.07033   0.06920   0.06767   0.06575   0.06351   0.06098   0.05821   0.05527   0.05221   0.04909   0.04596   0.04286   0.03984   0.03694   0.03418   0.03160   0.02920   0.02701
  0.06876   0.06854   0.06788   0.06681   0.06534   0.06351   0.06136   0.05893   0.05629   0.05347   0.05055   0.04756   0.04455   0.04159   0.03870   0.03592   0.03328   0.03081   0.02852   0.02642
  0.06596   0.06575   0.06513   0.06411   0.06272   0.06098   0.05893   0.05663   0.05412   0.05145   0.04867   0.04583   0.04298   0.04016   0.03741   0.03477   0.03227   0.02992   0.02774   0.02575
  0.06291   0.06272   0.06213   0.06117   0.05985   0.05821   0.05629   0.05412   0.05175   0.04923   0.04661   0.04394   0.04125   0.03860   0.03601   0.03352   0.03116   0.02895   0.02690   0.02502
  0.05967   0.05948   0.05893   0.05803   0.05681   0.05527   0.05347   0.05145   0.04923   0.04688   0.04443   0.04193   0.03942   0.03694   0.03452   0.03219   0.02999   0.02792   0.02600   0.02424
  0.05629   0.05612   0.05561   0.05478   0.05364   0.05221   0.05055   0.04867   0.04661   0.04443   0.04216   0.03984   0.03751   0.03521   0.03297   0.03081   0.02876   0.02685   0.02507   0.02344
  0.05284   0.05268   0.05221   0.05145   0.05040   0.04909   0.04756   0.04583   0.04394   0.04193   0.03984   0.03770   0.03556   0.03344   0.03138   0.02940   0.02751   0.02575   0.02411   0.02261
  0.04938   0.04923   0.04881   0.04811   0.04715   0.04596   0.04455   0.04298   0.04125   0.03942   0.03751   0.03556   0.03360   0.03167   0.02979   0.02798   0.02626   0.02465   0.02315   0.02179
  0.04596   0.04583   0.04544   0.04480   0.04394   0.04286   0.04159   0.04016   0.03860   0.03694   0.03521   0.03344   0.03167   0.02992   0.02822   0.02658   0.02502   0.02356   0.02221   0.02097
  0.04262   0.04251   0.04216   0.04159   0.04081   0.03984   0.03870   0.03741   0.03601   0.03452   0.03297   0.03138   0.02979   0.02822   0.02668   0.02521   0.02381   0.02250   0.02129   0.02017
  0.03942   0.03931   0.03900   0.03850   0.03780   0.03694   0.03592   0.03477   0.03352   0.03219   0.03081   0.02940   0.02798   0.02658   0.02521   0.02390   0.02265   0.02148   0.02040   0.01941
  0.03638   0.03628   0.03601   0.03556   0.03495   0.03418   0.03328   0.03227   0.03116   0.02999   0.02876   0.02751   0.02626   0.02502   0.02381   0.02265   0.02155   0.02052   0.01956   0.01868
  0.03352   0.03344   0.03320   0.03281   0.03227   0.03160   0.03081   0.02992   0.02895   0.02792   0.02685   0.02575   0.02465   0.02356   0.02250   0.02148   0.02052   0.01961   0.01877   0.01800
  0.03088   0.03081   0.03060   0.03026   0.02979   0.02920   0.02852   0.02774   0.02690   0.02600   0.02507   0.02411   0.02315   0.02221   0.02129   0.02040   0.01956   0.01877   0.01804   0.01737
  0.02846   0.02840   0.02822   0.02792   0.02751   0.02701   0.02642   0.02575   0.02502   0.02424   0.02344   0.02261   0.02179   0.02097   0.02017   0.01941   0.01868   0.01800   0.01737   0.01679
