  0.10758   0.10720   0.10609   0.10427   0.10179   0.09870   0.09508   0.09101   0.08659   0.08190   0.07705   0.07212   0.06719   0.06235   0.05767   0.05320   0.04899   0.04508   0.04148   0.03821
  0.10720   0.10683   0.10572   0.10391   0.10144   0.09836   0.09476   0.09071   0.08630   0.08164   0.07680   0.07189   0.06699   0.06217   0.05751   0.05306   0.04887   0.04497   0.04138   0.03813
  0.10609   0.10572   0.10463   0.10284   0.10040   0.09736   0.09380   0.08981   0.08546   0.08085   0.07607   0.07122   0.06638   0.06163   0.05702   0.05263   0.04849   0.04464   0.04110   0.03788
  0.10427   0.10391   0.10284   0.10109   0.09870   0.09572   0.09224   0.08832   0.08407   0.07955   0.07488   0.07013   0.06539   0.06073   0.05623   0.05192   0.04787   0.04410   0.04063   0.03749
  0.10179   0.10144   0.10040   0.09870   0.09638   0.09349   0.09010   0.08630   0.08217   0.07779   0.07325   0.06864   0.06404   0.05952   0.05514   0.05096   0.04703   0.04336   0.04000   0.03694
  0.09870   0.09836   0.09736   0.09572   0.09349   0.09071   0.08745   0.08379   0.07981   0.07559   0.07122   0.06679   0.06235   0.05800   0.05379   0.04977   0.04598   0.04245   0.03921   0.03627
  0.09508   0.09476   0.09380   0.09224   0.09010   0.08745   0.08434   0.08085   0.07705   0.07302   0.06885   0.06461   0.06038   0.05623   0.05220   0.04836   0.04475   0.04138   0.03829   0.03548
  0.09101   0.09071   0.08981   0.08832   0.08630   0.08379   0.08085   0.07754   0.07394   0.07013   0.06618   0.06217   0.05817   0.05423   0.05042   0.04679   0.04336   0.04018   0.03725   0.03459
  0.08659   0.08630   0.08546   0.08407   0.08217   0.07981   0.07705   0.07394   0.07057   0.06699   0.06328   0.05952   0.05576   0.05206   0.04849   0.04508   0.04186   0.03887   0.03612   0.03363
  0.08190   0.08164   0.08085   0.07955   0.07779   0.07559   0.07302   0.07013   0.06699   0.06366   0.06021   0.05670   0.05320   0.04977   0.04644   0.04326   0.04027   0.03749   0.03493   0.03260
  0.07705   0.07680   0.07607   0.07488   0.07325   0.07122   0.06885   0.06618   0.06328   0.06021   0.05702   0.05379   0.05056   0.04738   0.04431   0.04138   0.03862   0.03605   0.03369   0.03154
  0.07212   0.07189   0.07122   0.07013   0.06864   0.06679   0.06461   0.06217   0.05952   0.05670   0.05379   0.05083   0.04787   0.04497   0.04215   0.03947   0.03694   0.03459   0.03243   0.03047
  0.06719   0.06699   0.06638   0.06539   0.06404   0.06235   0.06038   0.05817   0.05576   0.05320   0.05056   0.04787   0.04519   0.04255   0.04000   0.03756   0.03527   0.03314   0.03118   0.02939
  0.06235   0.06217   0.06163   0.06073   0.05952   0.05800   0.05623   0.05423   0.05206   0.04977   0.04738   0.04497   0.04255   0.04018   0.03788   0.03569   0.03363   0.03171   0.02994   0.02834
  0.05767   0.05751   0.05702   0.05623   0.05514   0.05379   0.05220   0.05042   0.04849   0.04644   0.04431   0.04215   0.04000   0.03788   0.03583   0.03388   0.03204   0.03032   0.02875   0.02732
  0.05320   0.05306   0.05263   0.05192   0.05096   0.04977   0.04836   0.04679   0.04508   0.04326   0.04138   0.03947   0.03756   0.03569   0.03388   0.03215   0.03052   0.02900   0.02761   0.02634
  0.04899   0.04887   0.04849   0.04787   0.04703   0.04598   0.04475   0.04336   0.04186   0.04027   0.03862   0.03694   0.03527   0.03363   0.03204   0.03052   0.02909   0.02776   0.02653   0.02542
  0.04508   0.04497   0.04464   0.04410   0.04336   0.04245   0.04138   0.04018   0.03887   0.03749   0.03605   0.03459   0.03314   0.03171   0.03032   0.02900   0.02776   0.02660   0.02553   0.02457
  0.04148   0.04138   0.04110   0.04063   0.04000   0.03921   0.03829   0.03725   0.03612   0.03493   0.03369   0.03243   0.03118   0.02994   0.02875   0.02761   0.02653   0.02553   0.02462   0.02378
  0.03821   0.03813   0.03788   0.03749   0.03694   0.03627   0.03548   0.03459   0.03363   0.03260   0.03154   0.03047   0.02939   0.02834   0.02732   0.02634   0.02542   0.02457   0.02378   0.02307
