  0.00717   0.00713   0.00701   0.00681   0.00654   0.00620   0.00581   0.00537   0.00490   0.00440   0.00389   0.00337   0.00287   0.00238   0.00191   0.00147   0.00106   0.00068   0.00034   0.00004
  0.00713   0.00709   0.00697   0.00677   0.00650   0.00616   0.00577   0.00534   0.00487   0.00437   0.00386   0.00335   0.00285   0.00236   0.00189   0.00145   0.00104   0.00067   0.00033   0.00003
  0.00701   0.00697   0.00685   0.00665   0.00639   0.00605   0.00567   0.00524   0.00478   0.00429   0.00379   0.00328   0.00279   0.00230   0.00184   0.00141   0.00101   0.00064   0.00031   0.00001
  0.00681   0.00677   0.00665   0.00646   0.00620   0.00588   0.00550   0.00508   0.00463   0.00415   0.00366   0.00317   0.00268   0.00221   0.00176   0.00134   0.00095   0.00059   0.00026  -0.00003
  0.00654   0.00650   0.00639   0.00620   0.00595   0.00564   0.00527   0.00487   0.00443   0.00397   0.00349   0.00302   0.00255   0.00209   0.00166   0.00125   0.00087   0.00052   0.00020  -0.00008
  0.00620   0.00616   0.00605   0.00588   0.00564   0.00534   0.00499   0.00460   0.00418   0.00374   0.00328   0.00283   0.00238   0.00194   0.00152   0.00113   0.00077   0.00043   0.00013  -0.00014
  0.00581   0.00577   0.00567   0.00550   0.00527   0.00499   0.00466   0.00429   0.00389   0.00347   0.00304   0.00261   0.00218   0.00176   0.00137   0.00099   0.00065   0.00033   0.00005  -0.00021
  0.00537   0.00534   0.00524   0.00508   0.00487   0.00460   0.00429   0.00394   0.00356   0.00317   0.00277   0.00236   0.00196   0.00157   0.00119   0.00084   0.00052   0.00022  -0.00005  -0.00029
  0.00490   0.00487   0.00478   0.00463   0.00443   0.00418   0.00389   0.00356   0.00321   0.00285   0.00247   0.00209   0.00172   0.00135   0.00101   0.00068   0.00038   0.00010  -0.00015  -0.00037
  0.00440   0.00437   0.00429   0.00415   0.00397   0.00374   0.00347   0.00317   0.00285   0.00251   0.00216   0.00181   0.00147   0.00113   0.00081   0.00051   0.00023  -0.00003  -0.00026  -0.00046
  0.00389   0.00386   0.00379   0.00366   0.00349   0.00328   0.00304   0.00277   0.00247   0.00216   0.00184   0.00152   0.00121   0.00090   0.00061   0.00033   0.00008  -0.00016  -0.00037  -0.00056
  0.00337   0.00335   0.00328   0.00317   0.00302   0.00283   0.00261   0.00236   0.00209   0.00181   0.00152   0.00123   0.00095   0.00067   0.00040   0.00016  -0.00008  -0.00029  -0.00048  -0.00065
  0.00287   0.00285   0.00279   0.00268   0.00255   0.00238   0.00218   0.00196   0.00172   0.00147   0.00121   0.00095   0.00069   0.00044   0.00020  -0.00002  -0.00023  -0.00042  -0.00059  -0.00074
  0.00238   0.00236   0.00230   0.00221   0.00209   0.00194   0.00176   0.00157   0.00135   0.00113   0.00090   0.00067   0.00044   0.00022   0.00001  -0.00019  -0.00037  -0.00054  -0.00069  -0.00083
  0.00191   0.00189   0.00184   0.00176   0.00166   0.00152   0.00137   0.00119   0.00101   0.00081   0.00061   0.00040   0.00020   0.00001  -0.00018  -0.00035  -0.00051  -0.00066  -0.00080  -0.00091
  0.00147   0.00145   0.00141   0.00134   0.00125   0.00113   0.00099   0.00084   0.00068   0.00051   0.00033   0.00016  -0.00002  -0.00019  -0.00035  -0.00050  -0.00064  -0.00077  -0.00089  -0.00099
  0.00106   0.00104   0.00101   0.00095   0.00087   0.00077   0.00065   0.00052   0.00038   0.00023   0.00008  -0.00008  -0.00023  -0.00037  -0.00051  -0.00064  -0.00077  -0.00088  -0.00098  -0.00107
  0.00068   0.00067   0.00064   0.00059   0.00052   0.00043   0.00033   0.00022   0.00010  -0.00003  -0.00016  -0.00029  -0.00042  -0.00054  -0.00066  -0.00077  -0.00088  -0.00097  -0.00106  -0.00114
  0.00034   0.00033   0.00031   0.00026   0.00020   0.00013   0.00005  -0.00005  -0.00015  -0.00026  -0.00037  -0.00048  -0.00059  -0.00069  -0.00080  -0.00089  -0.00098  -0.00106  -0.00113  -0.00120
  0.00004   0.00003   0.00001  -0.00003  -0.00008  -0.00014  -0.00021  -0.00029  -0.00037  -0.00046  -0.00056  -0.00065  -0.00074  -0.00083  -0.00091  -0.00099  -0.00107  -0.00114  -0.00120  -0.00125
