  0.09449   0.09411   0.09295   0.09106   0.08849   0.08531   0.08160   0.07745   0.07298   0.06827   0.06345   0.05859   0.05380   0.04914   0.04470   0.04051   0.03663   0.03308   0.02987   0.02701
  0.09411   0.09372   0.09257   0.09069   0.08813   0.08496   0.08127   0.07715   0.07269   0.06801   0.06320   0.05837   0.05360   0.04897   0.04454   0.04038   0.03652   0.03298   0.02979   0.02694
  0.09295   0.09257   0.09144   0.08958   0.08706   0.08394   0.08030   0.07623   0.07184   0.06722   0.06248   0.05772   0.05301   0.04845   0.04409   0.03998   0.03617   0.03269   0.02954   0.02673
  0.09106   0.09069   0.08958   0.08777   0.08531   0.08226   0.07870   0.07473   0.07044   0.06593   0.06131   0.05665   0.05206   0.04760   0.04334   0.03933   0.03561   0.03220   0.02913   0.02639
  0.08849   0.08813   0.08706   0.08531   0.08293   0.07997   0.07653   0.07269   0.06854   0.06418   0.05970   0.05520   0.05075   0.04644   0.04232   0.03844   0.03484   0.03155   0.02857   0.02592
  0.08531   0.08496   0.08394   0.08226   0.07997   0.07715   0.07385   0.07017   0.06619   0.06201   0.05772   0.05340   0.04914   0.04501   0.04106   0.03734   0.03389   0.03073   0.02788   0.02534
  0.08160   0.08127   0.08030   0.07870   0.07653   0.07385   0.07072   0.06722   0.06345   0.05948   0.05540   0.05131   0.04726   0.04334   0.03959   0.03606   0.03278   0.02979   0.02708   0.02466
  0.07745   0.07715   0.07623   0.07473   0.07269   0.07017   0.06722   0.06393   0.06038   0.05665   0.05282   0.04897   0.04516   0.04147   0.03795   0.03463   0.03155   0.02873   0.02618   0.02391
  0.07298   0.07269   0.07184   0.07044   0.06854   0.06619   0.06345   0.06038   0.05708   0.05360   0.05003   0.04644   0.04290   0.03946   0.03617   0.03308   0.03021   0.02759   0.02521   0.02310
  0.06827   0.06801   0.06722   0.06593   0.06418   0.06201   0.05948   0.05665   0.05360   0.05039   0.04710   0.04378   0.04051   0.03734   0.03431   0.03146   0.02881   0.02639   0.02420   0.02224
  0.06345   0.06320   0.06248   0.06131   0.05970   0.05772   0.05540   0.05282   0.05003   0.04710   0.04409   0.04106   0.03807   0.03517   0.03240   0.02979   0.02737   0.02515   0.02315   0.02137
  0.05859   0.05837   0.05772   0.05665   0.05520   0.05340   0.05131   0.04897   0.04644   0.04378   0.04106   0.03832   0.03561   0.03298   0.03047   0.02811   0.02592   0.02391   0.02210   0.02048
  0.05380   0.05360   0.05301   0.05206   0.05075   0.04914   0.04726   0.04516   0.04290   0.04051   0.03807   0.03561   0.03318   0.03082   0.02857   0.02645   0.02449   0.02269   0.02106   0.01961
  0.04914   0.04897   0.04845   0.04760   0.04644   0.04501   0.04334   0.04147   0.03946   0.03734   0.03517   0.03298   0.03082   0.02873   0.02673   0.02485   0.02310   0.02150   0.02005   0.01877
  0.04470   0.04454   0.04409   0.04334   0.04232   0.04106   0.03959   0.03795   0.03617   0.03431   0.03240   0.03047   0.02857   0.02673   0.02497   0.02331   0.02177   0.02036   0.01909   0.01796
  0.04051   0.04038   0.03998   0.03933   0.03844   0.03734   0.03606   0.03463   0.03308   0.03146   0.02979   0.02811   0.02645   0.02485   0.02331   0.02186   0.02052   0.01930   0.01819   0.01720
  0.03663   0.03652   0.03617   0.03561   0.03484   0.03389   0.03278   0.03155   0.03021   0.02881   0.02737   0.02592   0.02449   0.02310   0.02177   0.02052   0.01937   0.01830   0.01735   0.01649
  0.03308   0.03298   0.03269   0.03220   0.03155   0.03073   0.02979   0.02873   0.02759   0.02639   0.02515   0.02391   0.02269   0.02150   0.02036   0.01930   0.01830   0.01740   0.01658   0.01585
  0.02987   0.02979   0.02954   0.02913   0.02857   0.02788   0.02708   0.02618   0.02521   0.02420   0.02315   0.02210   0.02106   0.02005   0.01909   0.01819   0.01735   0.01658   0.01588   0.01526
  0.02701   0.02694   0.02673   0.02639   0.02592   0.02534   0.02466   0.02391   0.02310   0.02224   0.02137   0.02048   0.01961   0.01877   0.01796   0.01720   0.01649   0.01585   0.01526   0.01474
