  0.03227   0.03225   0.03220   0.03212   0.03201   0.03187   0.03170   0.03150   0.03127   0.03102   0.03075   0.03046   0.03016   0.02984   0.02950   0.02916   0.02881   0.02845   0.02810   0.02774
  0.03225   0.03224   0.03219   0.03211   0.03199   0.03185   0.03168   0.03148   0.03126   0.03101   0.03074   0.03045   0.03014   0.02982   0.02949   0.02915   0.02880   0.02844   0.02809   0.02773
  0.03220   0.03219   0.03214   0.03206   0.03195   0.03180   0.03163   0.03144   0.03121   0.03097   0.03070   0.03041   0.03010   0.02979   0.02945   0.02911   0.02877   0.02841   0.02806   0.02770
  0.03212   0.03211   0.03206   0.03198   0.03187   0.03173   0.03156   0.03136   0.03114   0.03089   0.03063   0.03034   0.03004   0.02972   0.02939   0.02906   0.02871   0.02836   0.02801   0.02766
  0.03201   0.03199   0.03195   0.03187   0.03176   0.03162   0.03145   0.03126   0.03104   0.03080   0.03053   0.03025   0.02995   0.02964   0.02931   0.02898   0.02863   0.02829   0.02794   0.02759
  0.03187   0.03185   0.03180   0.03173   0.03162   0.03148   0.03132   0.03112   0.03091   0.03067   0.03041   0.03013   0.02984   0.02953   0.02921   0.02888   0.02854   0.02820   0.02785   0.02751
  0.03170   0.03168   0.03163   0.03156   0.03145   0.03132   0.03115   0.03097   0.03075   0.03052   0.03026   0.02999   0.02970   0.02939   0.02908   0.02875   0.02842   0.02809   0.02775   0.02741
  0.03150   0.03148   0.03144   0.03136   0.03126   0.03112   0.03097   0.03078   0.03057   0.03034   0.03009   0.02982   0.02954   0.02924   0.02893   0.02861   0.02829   0.02796   0.02763   0.02730
  0.03127   0.03126   0.03121   0.03114   0.03104   0.03091   0.03075   0.03057   0.03037   0.03014   0.02990   0.02964   0.02936   0.02907   0.02877   0.02845   0.02814   0.02782   0.02749   0.02717
  0.03102   0.03101   0.03097   0.03089   0.03080   0.03067   0.03052   0.03034   0.03014   0.02992   0.02969   0.02943   0.02916   0.02888   0.02858   0.02828   0.02797   0.02766   0.02734   0.02703
  0.03075   0.03074   0.03070   0.03063   0.03053   0.03041   0.03026   0.03009   0.02990   0.02969   0.02945   0.02921   0.02894   0.02867   0.02838   0.02809   0.02779   0.02748   0.02718   0.02687
  0.03046   0.03045   0.03041   0.03034   0.03025   0.03013   0.02999   0.02982   0.02964   0.02943   0.02921   0.02897   0.02871   0.02844   0.02817   0.02788   0.02759   0.02730   0.02700   0.02670
  0.03016   0.03014   0.03010   0.03004   0.02995   0.02984   0.02970   0.02954   0.02936   0.02916   0.02894   0.02871   0.02846   0.02821   0.02794   0.02767   0.02738   0.02710   0.02681   0.02653
  0.02984   0.02982   0.02979   0.02972   0.02964   0.02953   0.02939   0.02924   0.02907   0.02888   0.02867   0.02844   0.02821   0.02796   0.02770   0.02744   0.02717   0.02689   0.02662   0.02634
  0.02950   0.02949   0.02945   0.02939   0.02931   0.02921   0.02908   0.02893   0.02877   0.02858   0.02838   0.02817   0.02794   0.02770   0.02746   0.02720   0.02694   0.02668   0.02642   0.02615
  0.02916   0.02915   0.02911   0.02906   0.02898   0.02888   0.02875   0.02861   0.02845   0.02828   0.02809   0.02788   0.02767   0.02744   0.02720   0.02696   0.02671   0.02646   0.02621   0.02596
  0.02881   0.02880   0.02877   0.02871   0.02863   0.02854   0.02842   0.02829   0.02814   0.02797   0.02779   0.02759   0.02738   0.02717   0.02694   0.02671   0.02648   0.02624   0.02600   0.02575
  0.02845   0.02844   0.02841   0.02836   0.02829   0.02820   0.02809   0.02796   0.02782   0.02766   0.02748   0.02730   0.02710   0.02689   0.02668   0.02646   0.02624   0.02601   0.02578   0.02555
  0.02810   0.02809   0.02806   0.02801   0.02794   0.02785   0.02775   0.02763   0.02749   0.02734   0.02718   0.02700   0.02681   0.02662   0.02642   0.02621   0.02600   0.02578   0.02556   0.02535
  0.02774   0.02773   0.02770   0.02766   0.02759   0.02751   0.02741   0.02730   0.02717   0.02703   0.02687   0.02670   0.02653   0.02634   0.02615   0.02596   0.02575   0.02555   0.02535   0.02514
