  0.12457   0.12434   0.12368   0.12258   0.12108   0.11921   0.11699   0.11447   0.11170   0.10872   0.10558   0.10235   0.09905   0.09575   0.09248   0.08928   0.08620   0.08324   0.08045   0.07783
  0.12434   0.12412   0.12346   0.12237   0.12087   0.11900   0.11679   0.11428   0.11152   0.10855   0.10542   0.10220   0.09891   0.09562   0.09236   0.08918   0.08610   0.08316   0.08037   0.07777
  0.12368   0.12346   0.12280   0.12172   0.12024   0.11839   0.11620   0.11371   0.11098   0.10804   0.10495   0.10175   0.09850   0.09525   0.09202   0.08887   0.08582   0.08291   0.08015   0.07757
  0.12258   0.12237   0.12172   0.12066   0.11921   0.11738   0.11523   0.11279   0.11010   0.10721   0.10417   0.10103   0.09783   0.09463   0.09145   0.08835   0.08536   0.08249   0.07978   0.07724
  0.12108   0.12087   0.12024   0.11921   0.11778   0.11600   0.11390   0.11152   0.10889   0.10607   0.10310   0.10003   0.09691   0.09378   0.09068   0.08765   0.08472   0.08193   0.07928   0.07680
  0.11921   0.11900   0.11839   0.11738   0.11600   0.11428   0.11224   0.10992   0.10737   0.10464   0.10175   0.09878   0.09575   0.09271   0.08971   0.08677   0.08393   0.08121   0.07865   0.07624
  0.11699   0.11679   0.11620   0.11523   0.11390   0.11224   0.11027   0.10804   0.10558   0.10294   0.10017   0.09730   0.09438   0.09145   0.08856   0.08573   0.08299   0.08037   0.07790   0.07558
  0.11447   0.11428   0.11371   0.11279   0.11152   0.10992   0.10804   0.10590   0.10355   0.10103   0.09837   0.09562   0.09283   0.09003   0.08726   0.08454   0.08193   0.07942   0.07705   0.07483
  0.11170   0.11152   0.11098   0.11010   0.10889   0.10737   0.10558   0.10355   0.10132   0.09891   0.09639   0.09378   0.09112   0.08846   0.08582   0.08324   0.08075   0.07837   0.07612   0.07401
  0.10872   0.10855   0.10804   0.10721   0.10607   0.10464   0.10294   0.10103   0.09891   0.09665   0.09426   0.09179   0.08928   0.08677   0.08428   0.08185   0.07949   0.07724   0.07512   0.07312
  0.10558   0.10542   0.10495   0.10417   0.10310   0.10175   0.10017   0.09837   0.09639   0.09426   0.09202   0.08971   0.08735   0.08499   0.08266   0.08037   0.07817   0.07606   0.07406   0.07219
  0.10235   0.10220   0.10175   0.10103   0.10003   0.09878   0.09730   0.09562   0.09378   0.09179   0.08971   0.08755   0.08536   0.08316   0.08098   0.07885   0.07680   0.07483   0.07297   0.07123
  0.09905   0.09891   0.09850   0.09783   0.09691   0.09575   0.09438   0.09283   0.09112   0.08928   0.08735   0.08536   0.08333   0.08129   0.07928   0.07731   0.07540   0.07359   0.07186   0.07025
  0.09575   0.09562   0.09525   0.09463   0.09378   0.09271   0.09145   0.09003   0.08846   0.08677   0.08499   0.08316   0.08129   0.07942   0.07757   0.07576   0.07401   0.07233   0.07075   0.06927
  0.09248   0.09236   0.09202   0.09145   0.09068   0.08971   0.08856   0.08726   0.08582   0.08428   0.08266   0.08098   0.07928   0.07757   0.07588   0.07422   0.07263   0.07110   0.06965   0.06830
  0.08928   0.08918   0.08887   0.08835   0.08765   0.08677   0.08573   0.08454   0.08324   0.08185   0.08037   0.07885   0.07731   0.07576   0.07422   0.07272   0.07127   0.06989   0.06858   0.06735
  0.08620   0.08610   0.08582   0.08536   0.08472   0.08393   0.08299   0.08193   0.08075   0.07949   0.07817   0.07680   0.07540   0.07401   0.07263   0.07127   0.06997   0.06872   0.06754   0.06643
  0.08324   0.08316   0.08291   0.08249   0.08193   0.08121   0.08037   0.07942   0.07837   0.07724   0.07606   0.07483   0.07359   0.07233   0.07110   0.06989   0.06872   0.06760   0.06654   0.06555
  0.08045   0.08037   0.08015   0.07978   0.07928   0.07865   0.07790   0.07705   0.07612   0.07512   0.07406   0.07297   0.07186   0.07075   0.06965   0.06858   0.06754   0.06654   0.06560   0.06472
  0.07783   0.07777   0.07757   0.07724   0.07680   0.07624   0.07558   0.07483   0.07401   0.07312   0.07219   0.07123   0.07025   0.06927   0.06830   0.06735   0.06643   0.06555   0.06472   0.06394
