  0.26424   0.26380   0.26249   0.26034   0.25738   0.25368   0.24930   0.24432   0.23883   0.23292   0.22669   0.22025   0.21367   0.20706   0.20050   0.19406   0.18783   0.18184   0.17616   0.17081
  0.26380   0.26336   0.26205   0.25991   0.25696   0.25327   0.24891   0.24394   0.23847   0.23258   0.22638   0.21995   0.21340   0.20681   0.20027   0.19385   0.18763   0.18167   0.17600   0.17067
  0.26249   0.26205   0.26076   0.25864   0.25572   0.25207   0.24774   0.24283   0.23741   0.23158   0.22543   0.21907   0.21258   0.20605   0.19957   0.19322   0.18707   0.18116   0.17555   0.17027
  0.26034   0.25991   0.25864   0.25655   0.25368   0.25008   0.24583   0.24099   0.23566   0.22992   0.22388   0.21761   0.21123   0.20481   0.19844   0.19219   0.18613   0.18032   0.17480   0.16960
  0.25738   0.25696   0.25572   0.25368   0.25087   0.24736   0.24320   0.23847   0.23326   0.22765   0.22174   0.21562   0.20938   0.20310   0.19687   0.19077   0.18484   0.17916   0.17377   0.16869
  0.25368   0.25327   0.25207   0.25008   0.24736   0.24394   0.23990   0.23531   0.23025   0.22481   0.21907   0.21312   0.20706   0.20097   0.19492   0.18898   0.18323   0.17771   0.17247   0.16755
  0.24930   0.24891   0.24774   0.24583   0.24320   0.23990   0.23601   0.23158   0.22669   0.22144   0.21590   0.21017   0.20432   0.19844   0.19260   0.18688   0.18133   0.17600   0.17095   0.16619
  0.24432   0.24394   0.24283   0.24099   0.23847   0.23531   0.23158   0.22733   0.22265   0.21761   0.21231   0.20681   0.20120   0.19556   0.18997   0.18448   0.17916   0.17406   0.16921   0.16465
  0.23883   0.23847   0.23741   0.23566   0.23326   0.23025   0.22669   0.22265   0.21819   0.21340   0.20834   0.20310   0.19776   0.19239   0.18707   0.18184   0.17677   0.17191   0.16730   0.16296
  0.23292   0.23258   0.23158   0.22992   0.22765   0.22481   0.22144   0.21761   0.21340   0.20886   0.20407   0.19912   0.19406   0.18898   0.18394   0.17900   0.17420   0.16960   0.16524   0.16113
  0.22669   0.22638   0.22543   0.22388   0.22174   0.21907   0.21590   0.21231   0.20834   0.20407   0.19957   0.19492   0.19017   0.18539   0.18065   0.17600   0.17150   0.16717   0.16307   0.15920
  0.22025   0.21995   0.21907   0.21761   0.21562   0.21312   0.21017   0.20681   0.20310   0.19912   0.19492   0.19057   0.18613   0.18167   0.17724   0.17290   0.16869   0.16465   0.16082   0.15721
  0.21367   0.21340   0.21258   0.21123   0.20938   0.20706   0.20432   0.20120   0.19776   0.19406   0.19017   0.18613   0.18201   0.17787   0.17377   0.16974   0.16583   0.16208   0.15852   0.15518
  0.20706   0.20681   0.20605   0.20481   0.20310   0.20097   0.19844   0.19556   0.19239   0.18898   0.18539   0.18167   0.17787   0.17406   0.17027   0.16656   0.16296   0.15950   0.15622   0.15313
  0.20050   0.20027   0.19957   0.19844   0.19687   0.19492   0.19260   0.18997   0.18707   0.18394   0.18065   0.17724   0.17377   0.17027   0.16680   0.16340   0.16010   0.15694   0.15393   0.15111
  0.19406   0.19385   0.19322   0.19219   0.19077   0.18898   0.18688   0.18448   0.18184   0.17900   0.17600   0.17290   0.16974   0.16656   0.16340   0.16030   0.15730   0.15442   0.15169   0.14912
  0.18783   0.18763   0.18707   0.18613   0.18484   0.18323   0.18133   0.17916   0.17677   0.17420   0.17150   0.16869   0.16583   0.16296   0.16010   0.15730   0.15459   0.15198   0.14951   0.14719
  0.18184   0.18167   0.18116   0.18032   0.17916   0.17771   0.17600   0.17406   0.17191   0.16960   0.16717   0.16465   0.16208   0.15950   0.15694   0.15442   0.15198   0.14965   0.14743   0.14534
  0.17616   0.17600   0.17555   0.17480   0.17377   0.17247   0.17095   0.16921   0.16730   0.16524   0.16307   0.16082   0.15852   0.15622   0.15393   0.15169   0.14951   0.14743   0.14544   0.14358
  0.17081   0.17067   0.17027   0.16960   0.16869   0.16755   0.16619   0.16465   0.16296   0.16113   0.15920   0.15721   0.15518   0.15313   0.15111   0.14912   0.14719   0.14534   0.14358   0.14193
