  0.13380   0.13346   0.13243   0.13075   0.12845   0.12560   0.12227   0.11852   0.11445   0.11014   0.10569   0.10116   0.09666   0.09224   0.08797   0.08391   0.08008   0.07654   0.07329   0.07034
  0.13346   0.13311   0.13209   0.13042   0.12813   0.12529   0.12197   0.11824   0.11419   0.10990   0.10546   0.10096   0.09647   0.09207   0.08782   0.08377   0.07997   0.07644   0.07320   0.07027
  0.13243   0.13209   0.13108   0.12943   0.12717   0.12437   0.12109   0.11741   0.11341   0.10917   0.10479   0.10035   0.09592   0.09158   0.08738   0.08338   0.07963   0.07614   0.07294   0.07005
  0.13075   0.13042   0.12943   0.12781   0.12560   0.12286   0.11965   0.11605   0.11213   0.10799   0.10370   0.09935   0.09501   0.09076   0.08666   0.08274   0.07907   0.07565   0.07253   0.06969
  0.12845   0.12813   0.12717   0.12560   0.12346   0.12080   0.11768   0.11419   0.11039   0.10637   0.10220   0.09798   0.09378   0.08965   0.08567   0.08187   0.07830   0.07499   0.07195   0.06920
  0.12560   0.12529   0.12437   0.12286   0.12080   0.11824   0.11524   0.11188   0.10822   0.10435   0.10035   0.09629   0.09224   0.08827   0.08444   0.08078   0.07735   0.07417   0.07124   0.06860
  0.12227   0.12197   0.12109   0.11965   0.11768   0.11524   0.11238   0.10917   0.10569   0.10199   0.09818   0.09430   0.09044   0.08666   0.08300   0.07951   0.07624   0.07320   0.07041   0.06789
  0.11852   0.11824   0.11741   0.11605   0.11419   0.11188   0.10917   0.10614   0.10284   0.09935   0.09574   0.09207   0.08842   0.08484   0.08138   0.07809   0.07499   0.07212   0.06948   0.06709
  0.11445   0.11419   0.11341   0.11213   0.11039   0.10822   0.10569   0.10284   0.09975   0.09647   0.09309   0.08965   0.08623   0.08287   0.07963   0.07654   0.07363   0.07094   0.06847   0.06623
  0.11014   0.10990   0.10917   0.10799   0.10637   0.10435   0.10199   0.09935   0.09647   0.09343   0.09028   0.08709   0.08391   0.08078   0.07777   0.07490   0.07220   0.06969   0.06740   0.06531
  0.10569   0.10546   0.10479   0.10370   0.10220   0.10035   0.09818   0.09574   0.09309   0.09028   0.08738   0.08444   0.08150   0.07863   0.07585   0.07320   0.07071   0.06840   0.06629   0.06437
  0.10116   0.10096   0.10035   0.09935   0.09798   0.09629   0.09430   0.09207   0.08965   0.08709   0.08444   0.08175   0.07907   0.07644   0.07390   0.07148   0.06920   0.06709   0.06516   0.06341
  0.09666   0.09647   0.09592   0.09501   0.09378   0.09224   0.09044   0.08842   0.08623   0.08391   0.08150   0.07907   0.07664   0.07426   0.07195   0.06976   0.06770   0.06579   0.06404   0.06245
  0.09224   0.09207   0.09158   0.09076   0.08965   0.08827   0.08666   0.08484   0.08287   0.08078   0.07863   0.07644   0.07426   0.07212   0.07005   0.06808   0.06623   0.06451   0.06294   0.06151
  0.08797   0.08782   0.08738   0.08666   0.08567   0.08444   0.08300   0.08138   0.07963   0.07777   0.07585   0.07390   0.07195   0.07005   0.06821   0.06645   0.06481   0.06328   0.06188   0.06061
  0.08391   0.08377   0.08338   0.08274   0.08187   0.08078   0.07951   0.07809   0.07654   0.07490   0.07320   0.07148   0.06976   0.06808   0.06645   0.06491   0.06345   0.06210   0.06086   0.05974
  0.08008   0.07997   0.07963   0.07907   0.07830   0.07735   0.07624   0.07499   0.07363   0.07220   0.07071   0.06920   0.06770   0.06623   0.06481   0.06345   0.06218   0.06100   0.05991   0.05893
  0.07654   0.07644   0.07614   0.07565   0.07499   0.07417   0.07320   0.07212   0.07094   0.06969   0.06840   0.06709   0.06579   0.06451   0.06328   0.06210   0.06100   0.05997   0.05903   0.05818
  0.07329   0.07320   0.07294   0.07253   0.07195   0.07124   0.07041   0.06948   0.06847   0.06740   0.06629   0.06516   0.06404   0.06294   0.06188   0.06086   0.05991   0.05903   0.05822   0.05749
  0.07034   0.07027   0.07005   0.06969   0.06920   0.06860   0.06789   0.06709   0.06623   0.06531   0.06437   0.06341   0.06245   0.06151   0.06061   0.05974   0.05893   0.05818   0.05749   0.05686
