  0.08929   0.08924   0.08911   0.08888   0.08857   0.08818   0.08770   0.08715   0.08653   0.08584   0.08509   0.08429   0.08344   0.08255   0.08163   0.08068   0.07971   0.07873   0.07774   0.07676
  0.08924   0.08920   0.08906   0.08884   0.08853   0.08814   0.08766   0.08711   0.08649   0.08580   0.08506   0.08425   0.08341   0.08252   0.08160   0.08065   0.07968   0.07870   0.07772   0.07673
  0.08911   0.08906   0.08893   0.08871   0.08840   0.08801   0.08753   0.08699   0.08637   0.08568   0.08494   0.08414   0.08330   0.08242   0.08150   0.08056   0.07959   0.07862   0.07763   0.07665
  0.08888   0.08884   0.08871   0.08849   0.08818   0.08779   0.08732   0.08678   0.08616   0.08549   0.08475   0.08396   0.08312   0.08224   0.08133   0.08040   0.07944   0.07847   0.07750   0.07652
  0.08857   0.08853   0.08840   0.08818   0.08788   0.08749   0.08703   0.08649   0.08588   0.08521   0.08448   0.08370   0.08287   0.08200   0.08110   0.08018   0.07923   0.07827   0.07731   0.07635
  0.08818   0.08814   0.08801   0.08779   0.08749   0.08711   0.08665   0.08612   0.08552   0.08486   0.08414   0.08337   0.08255   0.08170   0.08081   0.07990   0.07897   0.07802   0.07707   0.07612
  0.08770   0.08766   0.08753   0.08732   0.08703   0.08665   0.08620   0.08568   0.08509   0.08444   0.08374   0.08298   0.08217   0.08133   0.08046   0.07956   0.07865   0.07772   0.07678   0.07585
  0.08715   0.08711   0.08699   0.08678   0.08649   0.08612   0.08568   0.08517   0.08459   0.08396   0.08326   0.08252   0.08173   0.08091   0.08005   0.07917   0.07827   0.07736   0.07645   0.07553
  0.08653   0.08649   0.08637   0.08616   0.08588   0.08552   0.08509   0.08459   0.08403   0.08341   0.08273   0.08200   0.08123   0.08043   0.07959   0.07873   0.07785   0.07697   0.07607   0.07517
  0.08584   0.08580   0.08568   0.08549   0.08521   0.08486   0.08444   0.08396   0.08341   0.08280   0.08214   0.08143   0.08068   0.07990   0.07908   0.07825   0.07739   0.07652   0.07565   0.07478
  0.08509   0.08506   0.08494   0.08475   0.08448   0.08414   0.08374   0.08326   0.08273   0.08214   0.08150   0.08081   0.08008   0.07932   0.07853   0.07772   0.07689   0.07605   0.07520   0.07435
  0.08429   0.08425   0.08414   0.08396   0.08370   0.08337   0.08298   0.08252   0.08200   0.08143   0.08081   0.08015   0.07944   0.07870   0.07794   0.07715   0.07635   0.07553   0.07471   0.07389
  0.08344   0.08341   0.08330   0.08312   0.08287   0.08255   0.08217   0.08173   0.08123   0.08068   0.08008   0.07944   0.07876   0.07805   0.07731   0.07655   0.07577   0.07499   0.07420   0.07341
  0.08255   0.08252   0.08242   0.08224   0.08200   0.08170   0.08133   0.08091   0.08043   0.07990   0.07932   0.07870   0.07805   0.07736   0.07665   0.07592   0.07517   0.07442   0.07366   0.07290
  0.08163   0.08160   0.08150   0.08133   0.08110   0.08081   0.08046   0.08005   0.07959   0.07908   0.07853   0.07794   0.07731   0.07665   0.07597   0.07527   0.07455   0.07383   0.07310   0.07237
  0.08068   0.08065   0.08056   0.08040   0.08018   0.07990   0.07956   0.07917   0.07873   0.07825   0.07772   0.07715   0.07655   0.07592   0.07527   0.07460   0.07391   0.07322   0.07252   0.07182
  0.07971   0.07968   0.07959   0.07944   0.07923   0.07897   0.07865   0.07827   0.07785   0.07739   0.07689   0.07635   0.07577   0.07517   0.07455   0.07391   0.07326   0.07260   0.07193   0.07127
  0.07873   0.07870   0.07862   0.07847   0.07827   0.07802   0.07772   0.07736   0.07697   0.07652   0.07605   0.07553   0.07499   0.07442   0.07383   0.07322   0.07260   0.07197   0.07134   0.07070
  0.07774   0.07772   0.07763   0.07750   0.07731   0.07707   0.07678   0.07645   0.07607   0.07565   0.07520   0.07471   0.07420   0.07366   0.07310   0.07252   0.07193   0.07134   0.07074   0.07014
  0.07676   0.07673   0.07665   0.07652   0.07635   0.07612   0.07585   0.07553   0.07517   0.07478   0.07435   0.07389   0.07341   0.07290   0.07237   0.07182   0.07127   0.07070   0.07014   0.06957
