  0.12224   0.12176   0.12032   0.11797   0.11482   0.11096   0.10653   0.10167   0.09654   0.09128   0.08603   0.08091   0.07603   0.07146   0.06728   0.06350   0.06016   0.05725   0.05476   0.05266
  0.12176   0.12127   0.11984   0.11751   0.11438   0.11054   0.10614   0.10131   0.09622   0.09099   0.08577   0.08068   0.07583   0.07130   0.06713   0.06338   0.06006   0.05717   0.05470   0.05261
  0.12032   0.11984   0.11844   0.11615   0.11308   0.10931   0.10499   0.10026   0.09525   0.09012   0.08500   0.08001   0.07525   0.07080   0.06671   0.06303   0.05978   0.05694   0.05451   0.05246
  0.11797   0.11751   0.11615   0.11394   0.11096   0.10731   0.10312   0.09854   0.09369   0.08872   0.08375   0.07892   0.07430   0.06999   0.06603   0.06247   0.05931   0.05656   0.05420   0.05222
  0.11482   0.11438   0.11308   0.11096   0.10810   0.10461   0.10061   0.09622   0.09158   0.08682   0.08207   0.07744   0.07303   0.06890   0.06511   0.06170   0.05868   0.05605   0.05379   0.05189
  0.11096   0.11054   0.10931   0.10731   0.10461   0.10131   0.09753   0.09338   0.08899   0.08450   0.08001   0.07564   0.07146   0.06756   0.06398   0.06076   0.05790   0.05542   0.05329   0.05149
  0.10653   0.10614   0.10499   0.10312   0.10061   0.09753   0.09400   0.09012   0.08603   0.08184   0.07765   0.07357   0.06967   0.06603   0.06269   0.05968   0.05702   0.05470   0.05271   0.05103
  0.10167   0.10131   0.10026   0.09854   0.09622   0.09338   0.09012   0.08655   0.08278   0.07892   0.07506   0.07130   0.06771   0.06435   0.06127   0.05850   0.05605   0.05391   0.05207   0.05053
  0.09654   0.09622   0.09525   0.09369   0.09158   0.08899   0.08603   0.08278   0.07935   0.07583   0.07232   0.06890   0.06563   0.06258   0.05978   0.05725   0.05502   0.05307   0.05141   0.05000
  0.09128   0.09099   0.09012   0.08872   0.08682   0.08450   0.08184   0.07892   0.07583   0.07267   0.06951   0.06644   0.06350   0.06076   0.05824   0.05597   0.05397   0.05222   0.05072   0.04945
  0.08603   0.08577   0.08500   0.08375   0.08207   0.08001   0.07765   0.07506   0.07232   0.06951   0.06671   0.06398   0.06138   0.05894   0.05671   0.05470   0.05291   0.05136   0.05003   0.04891
  0.08091   0.08068   0.08001   0.07892   0.07744   0.07564   0.07357   0.07130   0.06890   0.06644   0.06398   0.06159   0.05931   0.05717   0.05522   0.05345   0.05189   0.05053   0.04936   0.04838
  0.07603   0.07583   0.07525   0.07430   0.07303   0.07146   0.06967   0.06771   0.06563   0.06350   0.06138   0.05931   0.05733   0.05549   0.05379   0.05226   0.05091   0.04974   0.04873   0.04788
  0.07146   0.07130   0.07080   0.06999   0.06890   0.06756   0.06603   0.06435   0.06258   0.06076   0.05894   0.05717   0.05549   0.05391   0.05246   0.05115   0.05000   0.04899   0.04813   0.04740
  0.06728   0.06713   0.06671   0.06603   0.06511   0.06398   0.06269   0.06127   0.05978   0.05824   0.05671   0.05522   0.05379   0.05246   0.05124   0.05014   0.04916   0.04831   0.04758   0.04697
  0.06350   0.06338   0.06303   0.06247   0.06170   0.06076   0.05968   0.05850   0.05725   0.05597   0.05470   0.05345   0.05226   0.05115   0.05014   0.04922   0.04841   0.04770   0.04709   0.04658
  0.06016   0.06006   0.05978   0.05931   0.05868   0.05790   0.05702   0.05605   0.05502   0.05397   0.05291   0.05189   0.05091   0.05000   0.04916   0.04841   0.04774   0.04715   0.04666   0.04624
  0.05725   0.05717   0.05694   0.05656   0.05605   0.05542   0.05470   0.05391   0.05307   0.05222   0.05136   0.05053   0.04974   0.04899   0.04831   0.04770   0.04715   0.04668   0.04628   0.04593
  0.05476   0.05470   0.05451   0.05420   0.05379   0.05329   0.05271   0.05207   0.05141   0.05072   0.05003   0.04936   0.04873   0.04813   0.04758   0.04709   0.04666   0.04628   0.04595   0.04568
  0.05266   0.05261   0.05246   0.05222   0.05189   0.05149   0.05103   0.05053   0.05000   0.04945   0.04891   0.04838   0.04788   0.04740   0.04697   0.04658   0.04624   0.04593   0.04568   0.04546
