  0.24189   0.24146   0.24017   0.23804   0.23513   0.23148   0.22717   0.22228   0.21690   0.21112   0.20503   0.19875   0.19235   0.18594   0.17959   0.17338   0.16739   0.16165   0.15623   0.15114
  0.24146   0.24102   0.23974   0.23762   0.23472   0.23109   0.22679   0.22192   0.21655   0.21079   0.20472   0.19846   0.19208   0.18569   0.17936   0.17318   0.16720   0.16149   0.15608   0.15102
  0.24017   0.23974   0.23846   0.23637   0.23350   0.22990   0.22565   0.22082   0.21551   0.20980   0.20380   0.19760   0.19129   0.18496   0.17870   0.17257   0.16666   0.16100   0.15565   0.15063
  0.23804   0.23762   0.23637   0.23431   0.23148   0.22795   0.22377   0.21902   0.21380   0.20819   0.20228   0.19618   0.18998   0.18376   0.17760   0.17158   0.16576   0.16019   0.15493   0.15000
  0.23513   0.23472   0.23350   0.23148   0.22872   0.22527   0.22119   0.21655   0.21145   0.20597   0.20020   0.19424   0.18818   0.18211   0.17609   0.17021   0.16453   0.15909   0.15395   0.14913
  0.23148   0.23109   0.22990   0.22795   0.22527   0.22192   0.21795   0.21346   0.20851   0.20319   0.19760   0.19182   0.18594   0.18004   0.17420   0.16850   0.16298   0.15771   0.15272   0.14805
  0.22717   0.22679   0.22565   0.22377   0.22119   0.21795   0.21414   0.20980   0.20503   0.19991   0.19452   0.18895   0.18328   0.17760   0.17197   0.16647   0.16116   0.15608   0.15127   0.14677
  0.22228   0.22192   0.22082   0.21902   0.21655   0.21346   0.20980   0.20566   0.20109   0.19618   0.19102   0.18569   0.18027   0.17483   0.16944   0.16418   0.15909   0.15423   0.14963   0.14532
  0.21690   0.21655   0.21551   0.21380   0.21145   0.20851   0.20503   0.20109   0.19675   0.19208   0.18718   0.18211   0.17695   0.17177   0.16666   0.16165   0.15681   0.15219   0.14781   0.14372
  0.21112   0.21079   0.20980   0.20819   0.20597   0.20319   0.19991   0.19618   0.19208   0.18768   0.18304   0.17825   0.17338   0.16850   0.16366   0.15894   0.15437   0.15000   0.14587   0.14200
  0.20503   0.20472   0.20380   0.20228   0.20020   0.19760   0.19452   0.19102   0.18718   0.18304   0.17870   0.17420   0.16963   0.16505   0.16051   0.15608   0.15179   0.14770   0.14382   0.14019
  0.19875   0.19846   0.19760   0.19618   0.19424   0.19182   0.18895   0.18569   0.18211   0.17825   0.17420   0.17002   0.16576   0.16149   0.15726   0.15313   0.14913   0.14532   0.14170   0.13832
  0.19235   0.19208   0.19129   0.18998   0.18818   0.18594   0.18328   0.18027   0.17695   0.17338   0.16963   0.16576   0.16182   0.15786   0.15395   0.15013   0.14643   0.14290   0.13955   0.13642
  0.18594   0.18569   0.18496   0.18376   0.18211   0.18004   0.17760   0.17483   0.17177   0.16850   0.16505   0.16149   0.15786   0.15423   0.15063   0.14711   0.14372   0.14047   0.13739   0.13451
  0.17959   0.17936   0.17870   0.17760   0.17609   0.17420   0.17197   0.16944   0.16666   0.16366   0.16051   0.15726   0.15395   0.15063   0.14735   0.14414   0.14103   0.13806   0.13526   0.13263
  0.17338   0.17318   0.17257   0.17158   0.17021   0.16850   0.16647   0.16418   0.16165   0.15894   0.15608   0.15313   0.15013   0.14711   0.14414   0.14122   0.13841   0.13571   0.13317   0.13078
  0.16739   0.16720   0.16666   0.16576   0.16453   0.16298   0.16116   0.15909   0.15681   0.15437   0.15179   0.14913   0.14643   0.14372   0.14103   0.13841   0.13587   0.13344   0.13115   0.12900
  0.16165   0.16149   0.16100   0.16019   0.15909   0.15771   0.15608   0.15423   0.15219   0.15000   0.14770   0.14532   0.14290   0.14047   0.13806   0.13571   0.13344   0.13127   0.12922   0.12729
  0.15623   0.15608   0.15565   0.15493   0.15395   0.15272   0.15127   0.14963   0.14781   0.14587   0.14382   0.14170   0.13955   0.13739   0.13526   0.13317   0.13115   0.12922   0.12739   0.12568
  0.15114   0.15102   0.15063   0.15000   0.14913   0.14805   0.14677   0.14532   0.14372   0.14200   0.14019   0.13832   0.13642   0.13451   0.13263   0.13078   0.12900   0.12729   0.12568   0.12417
