  0.33908   0.33821   0.33561   0.33135   0.32553   0.31831   0.30986   0.30036   0.29005   0.27913   0.26784   0.25638   0.24496   0.23377   0.22295   0.21264   0.20296   0.19397   0.18573   0.17826
  0.33821   0.33734   0.33475   0.33051   0.32472   0.31753   0.30911   0.29965   0.28938   0.27851   0.26727   0.25586   0.24449   0.23334   0.22257   0.21231   0.20267   0.19372   0.18551   0.17808
  0.33561   0.33475   0.33219   0.32800   0.32229   0.31519   0.30688   0.29755   0.28741   0.27668   0.26558   0.25431   0.24309   0.23208   0.22145   0.21132   0.20180   0.19296   0.18486   0.17753
  0.33135   0.33051   0.32800   0.32391   0.31831   0.31136   0.30323   0.29409   0.28417   0.27367   0.26280   0.25178   0.24079   0.23002   0.21961   0.20970   0.20038   0.19173   0.18380   0.17662
  0.32553   0.32472   0.32229   0.31831   0.31288   0.30614   0.29825   0.28938   0.27975   0.26956   0.25902   0.24832   0.23766   0.22720   0.21710   0.20748   0.19844   0.19005   0.18236   0.17539
  0.31831   0.31753   0.31519   0.31136   0.30614   0.29965   0.29206   0.28353   0.27426   0.26446   0.25431   0.24402   0.23377   0.22371   0.21399   0.20473   0.19603   0.18796   0.18056   0.17385
  0.30986   0.30911   0.30688   0.30323   0.29825   0.29206   0.28481   0.27668   0.26784   0.25848   0.24881   0.23899   0.22921   0.21961   0.21034   0.20151   0.19321   0.18551   0.17845   0.17205
  0.30036   0.29965   0.29755   0.29409   0.28938   0.28353   0.27668   0.26898   0.26062   0.25178   0.24263   0.23334   0.22409   0.21501   0.20625   0.19790   0.19005   0.18276   0.17609   0.17004
  0.29005   0.28938   0.28741   0.28417   0.27975   0.27426   0.26784   0.26062   0.25279   0.24449   0.23591   0.22720   0.21853   0.21002   0.20180   0.19397   0.18661   0.17978   0.17352   0.16785
  0.27913   0.27851   0.27668   0.27367   0.26956   0.26446   0.25848   0.25178   0.24449   0.23678   0.22880   0.22071   0.21264   0.20473   0.19709   0.18981   0.18297   0.17662   0.17080   0.16553
  0.26784   0.26727   0.26558   0.26280   0.25902   0.25431   0.24881   0.24263   0.23591   0.22880   0.22145   0.21399   0.20656   0.19926   0.19222   0.18551   0.17921   0.17335   0.16799   0.16313
  0.25638   0.25586   0.25431   0.25178   0.24832   0.24402   0.23899   0.23334   0.22720   0.22071   0.21399   0.20717   0.20038   0.19372   0.18728   0.18115   0.17539   0.17004   0.16513   0.16069
  0.24496   0.24449   0.24309   0.24079   0.23766   0.23377   0.22921   0.22409   0.21853   0.21264   0.20656   0.20038   0.19422   0.18819   0.18236   0.17680   0.17158   0.16673   0.16229   0.15827
  0.23377   0.23334   0.23208   0.23002   0.22720   0.22371   0.21961   0.21501   0.21002   0.20473   0.19926   0.19372   0.18819   0.18276   0.17753   0.17254   0.16785   0.16349   0.15950   0.15589
  0.22295   0.22257   0.22145   0.21961   0.21710   0.21399   0.21034   0.20625   0.20180   0.19709   0.19222   0.18728   0.18236   0.17753   0.17286   0.16842   0.16424   0.16036   0.15681   0.15359
  0.21264   0.21231   0.21132   0.20970   0.20748   0.20473   0.20151   0.19790   0.19397   0.18981   0.18551   0.18115   0.17680   0.17254   0.16842   0.16449   0.16080   0.15738   0.15424   0.15140
  0.20296   0.20267   0.20180   0.20038   0.19844   0.19603   0.19321   0.19005   0.18661   0.18297   0.17921   0.17539   0.17158   0.16785   0.16424   0.16080   0.15757   0.15458   0.15183   0.14934
  0.19397   0.19372   0.19296   0.19173   0.19005   0.18796   0.18551   0.18276   0.17978   0.17662   0.17335   0.17004   0.16673   0.16349   0.16036   0.15738   0.15458   0.15198   0.14959   0.14743
  0.18573   0.18551   0.18486   0.18380   0.18236   0.18056   0.17845   0.17609   0.17352   0.17080   0.16799   0.16513   0.16229   0.15950   0.15681   0.15424   0.15183   0.14959   0.14754   0.14568
  0.17826   0.17808   0.17753   0.17662   0.17539   0.17385   0.17205   0.17004   0.16785   0.16553   0.16313   0.16069   0.15827   0.15589   0.15359   0.15140   0.14934   0.14743   0.14568   0.14410
