  0.08722   0.08712   0.08684   0.08637   0.08572   0.08490   0.08392   0.08279   0.08154   0.08016   0.07869   0.07714   0.07552   0.07385   0.07216   0.07045   0.06875   0.06707   0.06542   0.06381
  0.08712   0.08703   0.08674   0.08627   0.08563   0.08481   0.08383   0.08271   0.08145   0.08008   0.07861   0.07706   0.07545   0.07379   0.07210   0.07040   0.06870   0.06702   0.06537   0.06377
  0.08684   0.08674   0.08646   0.08599   0.08535   0.08454   0.08357   0.08245   0.08121   0.07985   0.07839   0.07685   0.07524   0.07359   0.07192   0.07023   0.06854   0.06687   0.06524   0.06365
  0.08637   0.08627   0.08599   0.08553   0.08490   0.08410   0.08314   0.08203   0.08080   0.07946   0.07801   0.07649   0.07491   0.07328   0.07162   0.06995   0.06828   0.06663   0.06501   0.06344
  0.08572   0.08563   0.08535   0.08490   0.08427   0.08348   0.08254   0.08145   0.08024   0.07892   0.07750   0.07600   0.07444   0.07284   0.07120   0.06956   0.06792   0.06630   0.06471   0.06316
  0.08490   0.08481   0.08454   0.08410   0.08348   0.08271   0.08178   0.08072   0.07954   0.07824   0.07685   0.07538   0.07385   0.07228   0.07068   0.06907   0.06746   0.06588   0.06432   0.06280
  0.08392   0.08383   0.08357   0.08314   0.08254   0.08178   0.08088   0.07985   0.07869   0.07743   0.07607   0.07464   0.07315   0.07162   0.07006   0.06849   0.06692   0.06537   0.06385   0.06237
  0.08279   0.08271   0.08245   0.08203   0.08145   0.08072   0.07985   0.07884   0.07772   0.07649   0.07518   0.07379   0.07234   0.07085   0.06934   0.06782   0.06630   0.06479   0.06332   0.06188
  0.08154   0.08145   0.08121   0.08080   0.08024   0.07954   0.07869   0.07772   0.07663   0.07545   0.07418   0.07284   0.07144   0.07000   0.06854   0.06707   0.06560   0.06415   0.06272   0.06134
  0.08016   0.08008   0.07985   0.07946   0.07892   0.07824   0.07743   0.07649   0.07545   0.07431   0.07309   0.07180   0.07045   0.06907   0.06767   0.06625   0.06484   0.06344   0.06207   0.06074
  0.07869   0.07861   0.07839   0.07801   0.07750   0.07685   0.07607   0.07518   0.07418   0.07309   0.07192   0.07068   0.06940   0.06807   0.06673   0.06537   0.06402   0.06268   0.06137   0.06010
  0.07714   0.07706   0.07685   0.07649   0.07600   0.07538   0.07464   0.07379   0.07284   0.07180   0.07068   0.06950   0.06828   0.06702   0.06574   0.06445   0.06316   0.06188   0.06064   0.05942
  0.07552   0.07545   0.07524   0.07491   0.07444   0.07385   0.07315   0.07234   0.07144   0.07045   0.06940   0.06828   0.06712   0.06592   0.06471   0.06348   0.06226   0.06105   0.05987   0.05871
  0.07385   0.07379   0.07359   0.07328   0.07284   0.07228   0.07162   0.07085   0.07000   0.06907   0.06807   0.06702   0.06592   0.06479   0.06365   0.06249   0.06134   0.06020   0.05908   0.05799
  0.07216   0.07210   0.07192   0.07162   0.07120   0.07068   0.07006   0.06934   0.06854   0.06767   0.06673   0.06574   0.06471   0.06365   0.06257   0.06148   0.06040   0.05933   0.05827   0.05725
  0.07045   0.07040   0.07023   0.06995   0.06956   0.06907   0.06849   0.06782   0.06707   0.06625   0.06537   0.06445   0.06348   0.06249   0.06148   0.06046   0.05945   0.05845   0.05746   0.05651
  0.06875   0.06870   0.06854   0.06828   0.06792   0.06746   0.06692   0.06630   0.06560   0.06484   0.06402   0.06316   0.06226   0.06134   0.06040   0.05945   0.05851   0.05757   0.05666   0.05577
  0.06707   0.06702   0.06687   0.06663   0.06630   0.06588   0.06537   0.06479   0.06415   0.06344   0.06268   0.06188   0.06105   0.06020   0.05933   0.05845   0.05757   0.05671   0.05586   0.05503
  0.06542   0.06537   0.06524   0.06501   0.06471   0.06432   0.06385   0.06332   0.06272   0.06207   0.06137   0.06064   0.05987   0.05908   0.05827   0.05746   0.05666   0.05586   0.05508   0.05431
  0.06381   0.06377   0.06365   0.06344   0.06316   0.06280   0.06237   0.06188   0.06134   0.06074   0.06010   0.05942   0.05871   0.05799   0.05725   0.05651   0.05577   0.05503   0.05431   0.05361
