  0.04114   0.04109   0.04096   0.04074   0.04043   0.04004   0.03958   0.03905   0.03846   0.03781   0.03711   0.03638   0.03562   0.03483   0.03403   0.03323   0.03242   0.03163   0.03085   0.03009
  0.04109   0.04105   0.04091   0.04069   0.04039   0.04000   0.03954   0.03901   0.03842   0.03777   0.03708   0.03635   0.03558   0.03480   0.03400   0.03320   0.03240   0.03161   0.03083   0.03007
  0.04096   0.04091   0.04078   0.04056   0.04026   0.03987   0.03942   0.03889   0.03830   0.03766   0.03697   0.03625   0.03549   0.03471   0.03392   0.03312   0.03233   0.03154   0.03077   0.03002
  0.04074   0.04069   0.04056   0.04034   0.04004   0.03966   0.03921   0.03869   0.03811   0.03748   0.03680   0.03608   0.03533   0.03456   0.03378   0.03299   0.03220   0.03142   0.03066   0.02992
  0.04043   0.04039   0.04026   0.04004   0.03975   0.03938   0.03893   0.03842   0.03785   0.03722   0.03655   0.03585   0.03511   0.03435   0.03358   0.03281   0.03203   0.03127   0.03052   0.02979
  0.04004   0.04000   0.03987   0.03966   0.03938   0.03901   0.03857   0.03807   0.03751   0.03690   0.03625   0.03555   0.03483   0.03409   0.03334   0.03258   0.03182   0.03107   0.03033   0.02962
  0.03958   0.03954   0.03942   0.03921   0.03893   0.03857   0.03815   0.03766   0.03711   0.03652   0.03588   0.03520   0.03450   0.03378   0.03304   0.03230   0.03156   0.03083   0.03011   0.02942
  0.03905   0.03901   0.03889   0.03869   0.03842   0.03807   0.03766   0.03719   0.03666   0.03608   0.03546   0.03480   0.03412   0.03342   0.03270   0.03198   0.03127   0.03056   0.02986   0.02918
  0.03846   0.03842   0.03830   0.03811   0.03785   0.03751   0.03711   0.03666   0.03614   0.03558   0.03499   0.03435   0.03369   0.03302   0.03233   0.03163   0.03094   0.03025   0.02958   0.02893
  0.03781   0.03777   0.03766   0.03748   0.03722   0.03690   0.03652   0.03608   0.03558   0.03505   0.03447   0.03386   0.03323   0.03258   0.03191   0.03124   0.03058   0.02992   0.02927   0.02864
  0.03711   0.03708   0.03697   0.03680   0.03655   0.03625   0.03588   0.03546   0.03499   0.03447   0.03392   0.03334   0.03273   0.03210   0.03147   0.03083   0.03019   0.02956   0.02894   0.02834
  0.03638   0.03635   0.03625   0.03608   0.03585   0.03555   0.03520   0.03480   0.03435   0.03386   0.03334   0.03278   0.03220   0.03161   0.03100   0.03039   0.02979   0.02918   0.02860   0.02802
  0.03562   0.03558   0.03549   0.03533   0.03511   0.03483   0.03450   0.03412   0.03369   0.03323   0.03273   0.03220   0.03165   0.03109   0.03052   0.02994   0.02936   0.02879   0.02823   0.02769
  0.03483   0.03480   0.03471   0.03456   0.03435   0.03409   0.03378   0.03342   0.03302   0.03258   0.03210   0.03161   0.03109   0.03056   0.03002   0.02947   0.02893   0.02839   0.02786   0.02735
  0.03403   0.03400   0.03392   0.03378   0.03358   0.03334   0.03304   0.03270   0.03233   0.03191   0.03147   0.03100   0.03052   0.03002   0.02951   0.02899   0.02848   0.02798   0.02748   0.02700
  0.03323   0.03320   0.03312   0.03299   0.03281   0.03258   0.03230   0.03198   0.03163   0.03124   0.03083   0.03039   0.02994   0.02947   0.02899   0.02851   0.02804   0.02756   0.02710   0.02665
  0.03242   0.03240   0.03233   0.03220   0.03203   0.03182   0.03156   0.03127   0.03094   0.03058   0.03019   0.02979   0.02936   0.02893   0.02848   0.02804   0.02759   0.02715   0.02672   0.02630
  0.03163   0.03161   0.03154   0.03142   0.03127   0.03107   0.03083   0.03056   0.03025   0.02992   0.02956   0.02918   0.02879   0.02839   0.02798   0.02756   0.02715   0.02674   0.02634   0.02595
  0.03085   0.03083   0.03077   0.03066   0.03052   0.03033   0.03011   0.02986   0.02958   0.02927   0.02894   0.02860   0.02823   0.02786   0.02748   0.02710   0.02672   0.02634   0.02597   0.02561
  0.03009   0.03007   0.03002   0.02992   0.02979   0.02962   0.02942   0.02918   0.02893   0.02864   0.02834   0.02802   0.02769   0.02735   0.02700   0.02665   0.02630   0.02595   0.02561   0.02528
