  0.04060   0.04043   0.03995   0.03917   0.03812   0.03684   0.03536   0.03374   0.03203   0.03028   0.02854   0.02683   0.02521   0.02369   0.02230   0.02104   0.01994   0.01897   0.01814   0.01745
  0.04043   0.04027   0.03980   0.03902   0.03798   0.03670   0.03523   0.03362   0.03193   0.03019   0.02845   0.02676   0.02514   0.02363   0.02225   0.02101   0.01990   0.01894   0.01812   0.01743
  0.03995   0.03980   0.03933   0.03857   0.03754   0.03629   0.03485   0.03327   0.03161   0.02990   0.02819   0.02653   0.02495   0.02347   0.02211   0.02089   0.01981   0.01887   0.01806   0.01738
  0.03917   0.03902   0.03857   0.03783   0.03684   0.03562   0.03423   0.03270   0.03108   0.02943   0.02778   0.02617   0.02463   0.02320   0.02188   0.02070   0.01965   0.01874   0.01796   0.01730
  0.03812   0.03798   0.03754   0.03684   0.03589   0.03472   0.03339   0.03193   0.03038   0.02880   0.02722   0.02568   0.02421   0.02284   0.02158   0.02045   0.01944   0.01857   0.01782   0.01719
  0.03684   0.03670   0.03629   0.03562   0.03472   0.03362   0.03236   0.03098   0.02952   0.02803   0.02653   0.02508   0.02369   0.02239   0.02120   0.02013   0.01919   0.01836   0.01765   0.01706
  0.03536   0.03523   0.03485   0.03423   0.03339   0.03236   0.03119   0.02990   0.02854   0.02714   0.02575   0.02439   0.02309   0.02188   0.02078   0.01978   0.01889   0.01812   0.01746   0.01691
  0.03374   0.03362   0.03327   0.03270   0.03193   0.03098   0.02990   0.02871   0.02745   0.02617   0.02489   0.02363   0.02244   0.02133   0.02030   0.01938   0.01857   0.01786   0.01725   0.01674
  0.03203   0.03193   0.03161   0.03108   0.03038   0.02952   0.02854   0.02745   0.02631   0.02514   0.02398   0.02284   0.02175   0.02074   0.01981   0.01897   0.01823   0.01758   0.01703   0.01656
  0.03028   0.03019   0.02990   0.02943   0.02880   0.02803   0.02714   0.02617   0.02514   0.02409   0.02304   0.02202   0.02104   0.02013   0.01930   0.01855   0.01788   0.01730   0.01680   0.01638
  0.02854   0.02845   0.02819   0.02778   0.02722   0.02653   0.02575   0.02489   0.02398   0.02304   0.02211   0.02120   0.02034   0.01953   0.01879   0.01812   0.01753   0.01702   0.01658   0.01620
  0.02683   0.02676   0.02653   0.02617   0.02568   0.02508   0.02439   0.02363   0.02284   0.02202   0.02120   0.02041   0.01965   0.01894   0.01829   0.01771   0.01719   0.01674   0.01635   0.01603
  0.02521   0.02514   0.02495   0.02463   0.02421   0.02369   0.02309   0.02244   0.02175   0.02104   0.02034   0.01965   0.01900   0.01838   0.01782   0.01732   0.01687   0.01648   0.01614   0.01586
  0.02369   0.02363   0.02347   0.02320   0.02284   0.02239   0.02188   0.02133   0.02074   0.02013   0.01953   0.01894   0.01838   0.01786   0.01738   0.01695   0.01656   0.01623   0.01595   0.01571
  0.02230   0.02225   0.02211   0.02188   0.02158   0.02120   0.02078   0.02030   0.01981   0.01930   0.01879   0.01829   0.01782   0.01738   0.01697   0.01661   0.01629   0.01601   0.01577   0.01556
  0.02104   0.02101   0.02089   0.02070   0.02045   0.02013   0.01978   0.01938   0.01897   0.01855   0.01812   0.01771   0.01732   0.01695   0.01661   0.01631   0.01604   0.01580   0.01560   0.01543
  0.01994   0.01990   0.01981   0.01965   0.01944   0.01919   0.01889   0.01857   0.01823   0.01788   0.01753   0.01719   0.01687   0.01656   0.01629   0.01604   0.01582   0.01562   0.01546   0.01532
  0.01897   0.01894   0.01887   0.01874   0.01857   0.01836   0.01812   0.01786   0.01758   0.01730   0.01702   0.01674   0.01648   0.01623   0.01601   0.01580   0.01562   0.01547   0.01533   0.01522
  0.01814   0.01812   0.01806   0.01796   0.01782   0.01765   0.01746   0.01725   0.01703   0.01680   0.01658   0.01635   0.01614   0.01595   0.01577   0.01560   0.01546   0.01533   0.01523   0.01514
  0.01745   0.01743   0.01738   0.01730   0.01719   0.01706   0.01691   0.01674   0.01656   0.01638   0.01620   0.01603   0.01586   0.01571   0.01556   0.01543   0.01532   0.01522   0.01514   0.01506
