  0.17759   0.17729   0.17642   0.17497   0.17298   0.17049   0.16755   0.16420   0.16051   0.15654   0.15236   0.14802   0.14360   0.13916   0.13475   0.13043   0.12623   0.12221   0.11839   0.11480
  0.17729   0.17700   0.17612   0.17468   0.17270   0.17022   0.16729   0.16395   0.16027   0.15632   0.15214   0.14782   0.14342   0.13899   0.13460   0.13028   0.12611   0.12210   0.11829   0.11471
  0.17642   0.17612   0.17526   0.17383   0.17187   0.16941   0.16650   0.16320   0.15956   0.15564   0.15151   0.14723   0.14287   0.13848   0.13413   0.12986   0.12572   0.12175   0.11798   0.11443
  0.17497   0.17468   0.17383   0.17242   0.17049   0.16808   0.16522   0.16197   0.15838   0.15453   0.15046   0.14625   0.14196   0.13765   0.13337   0.12917   0.12509   0.12119   0.11748   0.11399
  0.17298   0.17270   0.17187   0.17049   0.16861   0.16624   0.16345   0.16027   0.15677   0.15300   0.14903   0.14491   0.14072   0.13650   0.13231   0.12821   0.12423   0.12041   0.11678   0.11337
  0.17049   0.17022   0.16941   0.16808   0.16624   0.16395   0.16124   0.15815   0.15475   0.15109   0.14723   0.14324   0.13916   0.13506   0.13100   0.12701   0.12315   0.11944   0.11592   0.11260
  0.16755   0.16729   0.16650   0.16522   0.16345   0.16124   0.15862   0.15564   0.15236   0.14883   0.14510   0.14125   0.13732   0.13337   0.12944   0.12560   0.12187   0.11829   0.11489   0.11169
  0.16420   0.16395   0.16320   0.16197   0.16027   0.15815   0.15564   0.15279   0.14964   0.14625   0.14269   0.13899   0.13522   0.13143   0.12767   0.12399   0.12041   0.11698   0.11372   0.11066
  0.16051   0.16027   0.15956   0.15838   0.15677   0.15475   0.15236   0.14964   0.14664   0.14342   0.14002   0.13650   0.13291   0.12930   0.12572   0.12221   0.11881   0.11554   0.11244   0.10952
  0.15654   0.15632   0.15564   0.15453   0.15300   0.15109   0.14883   0.14625   0.14342   0.14037   0.13715   0.13382   0.13043   0.12701   0.12362   0.12030   0.11708   0.11399   0.11105   0.10829
  0.15236   0.15214   0.15151   0.15046   0.14903   0.14723   0.14510   0.14269   0.14002   0.13715   0.13413   0.13100   0.12781   0.12460   0.12141   0.11829   0.11526   0.11235   0.10959   0.10700
  0.14802   0.14782   0.14723   0.14625   0.14491   0.14324   0.14125   0.13899   0.13650   0.13382   0.13100   0.12807   0.12509   0.12210   0.11912   0.11620   0.11337   0.11066   0.10808   0.10566
  0.14360   0.14342   0.14287   0.14196   0.14072   0.13916   0.13732   0.13522   0.13291   0.13043   0.12781   0.12509   0.12233   0.11954   0.11678   0.11408   0.11145   0.10893   0.10654   0.10429
  0.13916   0.13899   0.13848   0.13765   0.13650   0.13506   0.13337   0.13143   0.12930   0.12701   0.12460   0.12210   0.11954   0.11698   0.11443   0.11194   0.10952   0.10720   0.10499   0.10292
  0.13475   0.13460   0.13413   0.13337   0.13231   0.13100   0.12944   0.12767   0.12572   0.12362   0.12141   0.11912   0.11678   0.11443   0.11210   0.10982   0.10760   0.10547   0.10345   0.10155
  0.13043   0.13028   0.12986   0.12917   0.12821   0.12701   0.12560   0.12399   0.12221   0.12030   0.11829   0.11620   0.11408   0.11194   0.10982   0.10774   0.10572   0.10378   0.10195   0.10022
  0.12623   0.12611   0.12572   0.12509   0.12423   0.12315   0.12187   0.12041   0.11881   0.11708   0.11526   0.11337   0.11145   0.10952   0.10760   0.10572   0.10389   0.10214   0.10048   0.09892
  0.12221   0.12210   0.12175   0.12119   0.12041   0.11944   0.11829   0.11698   0.11554   0.11399   0.11235   0.11066   0.10893   0.10720   0.10547   0.10378   0.10214   0.10057   0.09908   0.09768
  0.11839   0.11829   0.11798   0.11748   0.11678   0.11592   0.11489   0.11372   0.11244   0.11105   0.10959   0.10808   0.10654   0.10499   0.10345   0.10195   0.10048   0.09908   0.09775   0.09650
  0.11480   0.11471   0.11443   0.11399   0.11337   0.11260   0.11169   0.11066   0.10952   0.10829   0.10700   0.10566   0.10429   0.10292   0.10155   0.10022   0.09892   0.09768   0.09650   0.09538
