  0.01195   0.01188   0.01167   0.01137   0.01102   0.01067   0.01035   0.01008   0.00988   0.00974   0.00965   0.00960   0.00957   0.00955   0.00954   0.00954   0.00954   0.00954   0.00954   0.00954
  0.01188   0.01181   0.01161   0.01132   0.01098   0.01064   0.01032   0.01007   0.00987   0.00974   0.00965   0.00960   0.00957   0.00955   0.00954   0.00954   0.00954   0.00954   0.00954   0.00954
  0.01167   0.01161   0.01143   0.01117   0.01085   0.01054   0.01026   0.01002   0.00984   0.00972   0.00964   0.00959   0.00956   0.00955   0.00954   0.00954   0.00954   0.00954   0.00954   0.00954
  0.01137   0.01132   0.01117   0.01094   0.01067   0.01040   0.01015   0.00995   0.00980   0.00969   0.00962   0.00958   0.00956   0.00955   0.00954   0.00954   0.00954   0.00954   0.00954   0.00954
  0.01102   0.01098   0.01085   0.01067   0.01045   0.01023   0.01004   0.00987   0.00975   0.00966   0.00961   0.00957   0.00955   0.00954   0.00954   0.00954   0.00954   0.00954   0.00954   0.00954
  0.01067   0.01064   0.01054   0.01040   0.01023   0.01007   0.00992   0.00979   0.00970   0.00963   0.00959   0.00956   0.00955   0.00954   0.00954   0.00954   0.00954   0.00954   0.00954   0.00954
  0.01035   0.01032   0.01026   0.01015   0.01004   0.00992   0.00981   0.00972   0.00965   0.00961   0.00958   0.00956   0.00955   0.00954   0.00954   0.00954   0.00954   0.00954   0.00954   0.00954
  0.01008   0.01007   0.01002   0.00995   0.00987   0.00979   0.00972   0.00966   0.00961   0.00958   0.00956   0.00955   0.00954   0.00954   0.00954   0.00954   0.00954   0.00954   0.00954   0.00954
  0.00988   0.00987   0.00984   0.00980   0.00975   0.00970   0.00965   0.00961   0.00959   0.00957   0.00955   0.00954   0.00954   0.00954   0.00954   0.00954   0.00954   0.00954   0.00954   0.00954
  0.00974   0.00974   0.00972   0.00969   0.00966   0.00963   0.00961   0.00958   0.00957   0.00955   0.00955   0.00954   0.00954   0.00954   0.00954   0.00954   0.00954   0.00954   0.00954   0.00954
  0.00965   0.00965   0.00964   0.00962   0.00961   0.00959   0.00958   0.00956   0.00955   0.00955   0.00954   0.00954   0.00954   0.00954   0.00954   0.00954   0.00954   0.00954   0.00954   0.00954
  0.00960   0.00960   0.00959   0.00958   0.00957   0.00956   0.00956   0.00955   0.00954   0.00954   0.00954   0.00954   0.00954   0.00954   0.00954   0.00954   0.00954   0.00954   0.00954   0.00954
  0.00957   0.00957   0.00956   0.00956   0.00955   0.00955   0.00955   0.00954   0.00954   0.00954   0.00954   0.00954   0.00954   0.00954   0.00954   0.00954   0.00954   0.00954   0.00954   0.00954
  0.00955   0.00955   0.00955   0.00955   0.00954   0.00954   0.00954   0.00954   0.00954   0.00954   0.00954   0.00954   0.00954   0.00954   0.00954   0.00954   0.00954   0.00954   0.00954   0.00954
  0.00954   0.00954   0.00954   0.00954   0.00954   0.00954   0.00954   0.00954   0.00954   0.00954   0.00954   0.00954   0.00954   0.00954   0.00954   0.00954   0.00954   0.00954   0.00954   0.00954
  0.00954   0.00954   0.00954   0.00954   0.00954   0.00954   0.00954   0.00954   0.00954   0.00954   0.00954   0.00954   0.00954   0.00954   0.00954   0.00954   0.00954   0.00954   0.00954   0.00954
  0.00954   0.00954   0.00954   0.00954   0.00954   0.00954   0.00954   0.00954   0.00954   0.00954   0.00954   0.00954   0.00954   0.00954   0.00954   0.00954   0.00954   0.00954   0.00954   0.00954
  0.00954   0.00954   0.00954   0.00954   0.00954   0.00954   0.00954   0.00954   0.00954   0.00954   0.00954   0.00954   0.00954   0.00954   0.00954   0.00954   0.00954   0.00954   0.00954   0.00954
  0.00954   0.00954   0.00954   0.00954   0.00954   0.00954   0.00954   0.00954   0.00954   0.00954   0.00954   0.00954   0.00954   0.00954   0.00954   0.00954   0.00954   0.00954   0.00954   0.00954
  0.00954   0.00954   0.00954   0.00954   0.00954   0.00954   0.00954   0.00954   0.00954   0.00954   0.00954   0.00954   0.00954   0.00954   0.00954   0.00954   0.00954   0.00954   0.00954   0.00954
