  0.03677   0.03655   0.03592   0.03500   0.03392   0.03283   0.03184   0.03103   0.03042   0.02998   0.02970   0.02953   0.02944   0.02939   0.02936   0.02935   0.02935   0.02934   0.02934   0.02934
  0.03655   0.03633   0.03573   0.03483   0.03379   0.03273   0.03177   0.03098   0.03038   0.02997   0.02969   0.02953   0.02943   0.02939   0.02936   0.02935   0.02935   0.02934   0.02934   0.02934
  0.03592   0.03573   0.03517   0.03436   0.03340   0.03243   0.03156   0.03084   0.03029   0.02991   0.02966   0.02951   0.02943   0.02938   0.02936   0.02935   0.02934   0.02934   0.02934   0.02934
  0.03500   0.03483   0.03436   0.03365   0.03283   0.03200   0.03125   0.03063   0.03016   0.02983   0.02962   0.02949   0.02942   0.02938   0.02936   0.02935   0.02934   0.02934   0.02934   0.02934
  0.03392   0.03379   0.03340   0.03283   0.03217   0.03149   0.03089   0.03038   0.03000   0.02974   0.02957   0.02946   0.02940   0.02937   0.02935   0.02935   0.02934   0.02934   0.02934   0.02934
  0.03283   0.03273   0.03243   0.03200   0.03149   0.03098   0.03052   0.03014   0.02985   0.02964   0.02951   0.02943   0.02939   0.02936   0.02935   0.02935   0.02934   0.02934   0.02934   0.02934
  0.03184   0.03177   0.03156   0.03125   0.03089   0.03052   0.03019   0.02991   0.02970   0.02956   0.02946   0.02941   0.02937   0.02936   0.02935   0.02934   0.02934   0.02934   0.02934   0.02934
  0.03103   0.03098   0.03084   0.03063   0.03038   0.03014   0.02991   0.02973   0.02959   0.02949   0.02942   0.02939   0.02936   0.02935   0.02935   0.02934   0.02934   0.02934   0.02934   0.02934
  0.03042   0.03038   0.03029   0.03016   0.03000   0.02985   0.02970   0.02959   0.02950   0.02943   0.02939   0.02937   0.02936   0.02935   0.02934   0.02934   0.02934   0.02934   0.02934   0.02934
  0.02998   0.02997   0.02991   0.02983   0.02974   0.02964   0.02956   0.02949   0.02943   0.02940   0.02937   0.02936   0.02935   0.02935   0.02934   0.02934   0.02934   0.02934   0.02934   0.02934
  0.02970   0.02969   0.02966   0.02962   0.02957   0.02951   0.02946   0.02942   0.02939   0.02937   0.02936   0.02935   0.02935   0.02934   0.02934   0.02934   0.02934   0.02934   0.02934   0.02934
  0.02953   0.02953   0.02951   0.02949   0.02946   0.02943   0.02941   0.02939   0.02937   0.02936   0.02935   0.02935   0.02934   0.02934   0.02934   0.02934   0.02934   0.02934   0.02934   0.02934
  0.02944   0.02943   0.02943   0.02942   0.02940   0.02939   0.02937   0.02936   0.02936   0.02935   0.02935   0.02934   0.02934   0.02934   0.02934   0.02934   0.02934   0.02934   0.02934   0.02934
  0.02939   0.02939   0.02938   0.02938   0.02937   0.02936   0.02936   0.02935   0.02935   0.02935   0.02934   0.02934   0.02934   0.02934   0.02934   0.02934   0.02934   0.02934   0.02934   0.02934
  0.02936   0.02936   0.02936   0.02936   0.02935   0.02935   0.02935   0.02935   0.02934   0.02934   0.02934   0.02934   0.02934   0.02934   0.02934   0.02934   0.02934   0.02934   0.02934   0.02934
  0.02935   0.02935   0.02935   0.02935   0.02935   0.02935   0.02934   0.02934   0.02934   0.02934   0.02934   0.02934   0.02934   0.02934   0.02934   0.02934   0.02934   0.02934   0.02934   0.02934
  0.02935   0.02935   0.02934   0.02934   0.02934   0.02934   0.02934   0.02934   0.02934   0.02934   0.02934   0.02934   0.02934   0.02934   0.02934   0.02934   0.02934   0.02934   0.02934   0.02934
  0.02934   0.02934   0.02934   0.02934   0.02934   0.02934   0.02934   0.02934   0.02934   0.02934   0.02934   0.02934   0.02934   0.02934   0.02934   0.02934   0.02934   0.02934   0.02934   0.02934
  0.02934   0.02934   0.02934   0.02934   0.02934   0.02934   0.02934   0.02934   0.02934   0.02934   0.02934   0.02934   0.02934   0.02934   0.02934   0.02934   0.02934   0.02934   0.02934   0.02934
  0.02934   0.02934   0.02934   0.02934   0.02934   0.02934   0.02934   0.02934   0.02934   0.02934   0.02934   0.02934   0.02934   0.02934   0.02934   0.02934   0.02934   0.02934   0.02934   0.02934
