  0.27049   0.26998   0.26847   0.26599   0.26258   0.25833   0.25330   0.24760   0.24133   0.23461   0.22755   0.22026   0.21286   0.20546   0.19815   0.19102   0.18415   0.17760   0.17141   0.16564
  0.26998   0.26948   0.26797   0.26550   0.26211   0.25786   0.25285   0.24717   0.24092   0.23422   0.22719   0.21993   0.21255   0.20518   0.19789   0.19079   0.18394   0.17741   0.17125   0.16550
  0.26847   0.26797   0.26648   0.26403   0.26068   0.25648   0.25152   0.24590   0.23971   0.23308   0.22612   0.21893   0.21164   0.20433   0.19712   0.19009   0.18331   0.17685   0.17075   0.16506
  0.26599   0.26550   0.26403   0.26163   0.25833   0.25420   0.24933   0.24380   0.23772   0.23121   0.22436   0.21730   0.21012   0.20295   0.19586   0.18895   0.18229   0.17593   0.16994   0.16434
  0.26258   0.26211   0.26068   0.25833   0.25511   0.25108   0.24632   0.24092   0.23499   0.22863   0.22195   0.21505   0.20805   0.20105   0.19413   0.18738   0.18088   0.17468   0.16883   0.16336
  0.25833   0.25786   0.25648   0.25420   0.25108   0.24717   0.24256   0.23733   0.23158   0.22541   0.21893   0.21225   0.20546   0.19867   0.19196   0.18542   0.17912   0.17310   0.16743   0.16214
  0.25330   0.25285   0.25152   0.24933   0.24632   0.24256   0.23812   0.23308   0.22755   0.22161   0.21537   0.20893   0.20240   0.19586   0.18940   0.18311   0.17704   0.17125   0.16579   0.16069
  0.24760   0.24717   0.24590   0.24380   0.24092   0.23733   0.23308   0.22827   0.22297   0.21730   0.21133   0.20518   0.19893   0.19268   0.18650   0.18048   0.17468   0.16914   0.16392   0.15905
  0.24133   0.24092   0.23971   0.23772   0.23499   0.23158   0.22755   0.22297   0.21795   0.21255   0.20689   0.20105   0.19511   0.18918   0.18331   0.17760   0.17208   0.16683   0.16187   0.15724
  0.23461   0.23422   0.23308   0.23121   0.22863   0.22541   0.22161   0.21730   0.21255   0.20747   0.20213   0.19662   0.19102   0.18542   0.17989   0.17450   0.16930   0.16434   0.15967   0.15530
  0.22755   0.22719   0.22612   0.22436   0.22195   0.21893   0.21537   0.21133   0.20689   0.20213   0.19712   0.19196   0.18672   0.18148   0.17630   0.17125   0.16638   0.16174   0.15736   0.15327
  0.22026   0.21993   0.21893   0.21730   0.21505   0.21225   0.20893   0.20518   0.20105   0.19662   0.19196   0.18716   0.18229   0.17741   0.17259   0.16789   0.16336   0.15905   0.15497   0.15117
  0.21286   0.21255   0.21164   0.21012   0.20805   0.20546   0.20240   0.19893   0.19511   0.19102   0.18672   0.18229   0.17778   0.17328   0.16883   0.16449   0.16030   0.15631   0.15255   0.14904
  0.20546   0.20518   0.20433   0.20295   0.20105   0.19867   0.19586   0.19268   0.18918   0.18542   0.18148   0.17741   0.17328   0.16914   0.16506   0.16108   0.15724   0.15358   0.15013   0.14690
  0.19815   0.19789   0.19712   0.19586   0.19413   0.19196   0.18940   0.18650   0.18331   0.17989   0.17630   0.17259   0.16883   0.16506   0.16134   0.15771   0.15421   0.15088   0.14773   0.14480
  0.19102   0.19079   0.19009   0.18895   0.18738   0.18542   0.18311   0.18048   0.17760   0.17450   0.17125   0.16789   0.16449   0.16108   0.15771   0.15443   0.15126   0.14825   0.14540   0.14274
  0.18415   0.18394   0.18331   0.18229   0.18088   0.17912   0.17704   0.17468   0.17208   0.16930   0.16638   0.16336   0.16030   0.15724   0.15421   0.15126   0.14842   0.14571   0.14315   0.14076
  0.17760   0.17741   0.17685   0.17593   0.17468   0.17310   0.17125   0.16914   0.16683   0.16434   0.16174   0.15905   0.15631   0.15358   0.15088   0.14825   0.14571   0.14329   0.14101   0.13887
  0.17141   0.17125   0.17075   0.16994   0.16883   0.16743   0.16579   0.16392   0.16187   0.15967   0.15736   0.15497   0.15255   0.15013   0.14773   0.14540   0.14315   0.14101   0.13898   0.13709
  0.16564   0.16550   0.16506   0.16434   0.16336   0.16214   0.16069   0.15905   0.15724   0.15530   0.15327   0.15117   0.14904   0.14690   0.14480   0.14274   0.14076   0.13887   0.13709   0.13543
