  0.12367   0.12334   0.12234   0.12071   0.11848   0.11572   0.11249   0.10888   0.10497   0.10084   0.09659   0.09230   0.08804   0.08389   0.07991   0.07613   0.07261   0.06937   0.06642   0.06376
  0.12334   0.12300   0.12201   0.12038   0.11817   0.11542   0.11220   0.10861   0.10471   0.10061   0.09638   0.09211   0.08787   0.08374   0.07977   0.07601   0.07251   0.06928   0.06634   0.06370
  0.12234   0.12201   0.12103   0.11942   0.11724   0.11452   0.11136   0.10781   0.10397   0.09992   0.09574   0.09153   0.08735   0.08327   0.07936   0.07565   0.07219   0.06901   0.06611   0.06350
  0.12071   0.12038   0.11942   0.11786   0.11572   0.11307   0.10997   0.10650   0.10274   0.09878   0.09470   0.09058   0.08650   0.08251   0.07868   0.07506   0.07168   0.06856   0.06573   0.06318
  0.11848   0.11817   0.11724   0.11572   0.11365   0.11108   0.10807   0.10471   0.10108   0.09724   0.09328   0.08929   0.08533   0.08147   0.07776   0.07425   0.07098   0.06796   0.06521   0.06275
  0.11572   0.11542   0.11452   0.11307   0.11108   0.10861   0.10573   0.10250   0.09901   0.09532   0.09153   0.08769   0.08389   0.08019   0.07663   0.07326   0.07011   0.06721   0.06458   0.06221
  0.11249   0.11220   0.11136   0.10997   0.10807   0.10573   0.10299   0.09992   0.09659   0.09309   0.08947   0.08583   0.08221   0.07868   0.07529   0.07209   0.06910   0.06634   0.06383   0.06158
  0.10888   0.10861   0.10781   0.10650   0.10471   0.10250   0.09992   0.09702   0.09389   0.09058   0.08718   0.08374   0.08033   0.07700   0.07381   0.07078   0.06796   0.06536   0.06299   0.06087
  0.10497   0.10471   0.10397   0.10274   0.10108   0.09901   0.09659   0.09389   0.09096   0.08787   0.08469   0.08147   0.07829   0.07518   0.07219   0.06937   0.06673   0.06430   0.06209   0.06010
  0.10084   0.10061   0.09992   0.09878   0.09724   0.09532   0.09309   0.09058   0.08787   0.08501   0.08206   0.07909   0.07613   0.07326   0.07049   0.06788   0.06543   0.06318   0.06114   0.05930
  0.09659   0.09638   0.09574   0.09470   0.09328   0.09153   0.08947   0.08718   0.08469   0.08206   0.07936   0.07663   0.07392   0.07128   0.06874   0.06634   0.06410   0.06203   0.06015   0.05847
  0.09230   0.09211   0.09153   0.09058   0.08929   0.08769   0.08583   0.08374   0.08147   0.07909   0.07663   0.07414   0.07168   0.06928   0.06697   0.06479   0.06275   0.06087   0.05916   0.05763
  0.08804   0.08787   0.08735   0.08650   0.08533   0.08389   0.08221   0.08033   0.07829   0.07613   0.07392   0.07168   0.06946   0.06729   0.06521   0.06325   0.06141   0.05972   0.05818   0.05679
  0.08389   0.08374   0.08327   0.08251   0.08147   0.08019   0.07868   0.07700   0.07518   0.07326   0.07128   0.06928   0.06729   0.06536   0.06350   0.06175   0.06010   0.05859   0.05722   0.05598
  0.07991   0.07977   0.07936   0.07868   0.07776   0.07663   0.07529   0.07381   0.07219   0.07049   0.06874   0.06697   0.06521   0.06350   0.06186   0.06030   0.05885   0.05751   0.05630   0.05520
  0.07613   0.07601   0.07565   0.07506   0.07425   0.07326   0.07209   0.07078   0.06937   0.06788   0.06634   0.06479   0.06325   0.06175   0.06030   0.05894   0.05766   0.05649   0.05542   0.05446
  0.07261   0.07251   0.07219   0.07168   0.07098   0.07011   0.06910   0.06796   0.06673   0.06543   0.06410   0.06275   0.06141   0.06010   0.05885   0.05766   0.05656   0.05554   0.05461   0.05378
  0.06937   0.06928   0.06901   0.06856   0.06796   0.06721   0.06634   0.06536   0.06430   0.06318   0.06203   0.06087   0.05972   0.05859   0.05751   0.05649   0.05554   0.05466   0.05386   0.05314
  0.06642   0.06634   0.06611   0.06573   0.06521   0.06458   0.06383   0.06299   0.06209   0.06114   0.06015   0.05916   0.05818   0.05722   0.05630   0.05542   0.05461   0.05386   0.05318   0.05256
  0.06376   0.06370   0.06350   0.06318   0.06275   0.06221   0.06158   0.06087   0.06010   0.05930   0.05847   0.05763   0.05679   0.05598   0.05520   0.05446   0.05378   0.05314   0.05256   0.05204
