  0.02154   0.02153   0.02149   0.02142   0.02134   0.02123   0.02111   0.02098   0.02084   0.02069   0.02054   0.02040   0.02026   0.02013   0.02000   0.01989   0.01979   0.01971   0.01963   0.01956
  0.02153   0.02151   0.02148   0.02141   0.02133   0.02122   0.02110   0.02097   0.02083   0.02068   0.02054   0.02039   0.02025   0.02012   0.02000   0.01989   0.01979   0.01970   0.01963   0.01956
  0.02149   0.02148   0.02144   0.02137   0.02129   0.02119   0.02107   0.02094   0.02080   0.02066   0.02051   0.02037   0.02024   0.02011   0.01999   0.01988   0.01978   0.01970   0.01962   0.01956
  0.02142   0.02141   0.02137   0.02131   0.02123   0.02113   0.02102   0.02089   0.02076   0.02062   0.02048   0.02034   0.02021   0.02008   0.01997   0.01986   0.01977   0.01968   0.01961   0.01955
  0.02134   0.02133   0.02129   0.02123   0.02116   0.02106   0.02095   0.02083   0.02070   0.02056   0.02043   0.02030   0.02017   0.02005   0.01994   0.01984   0.01975   0.01967   0.01960   0.01954
  0.02123   0.02122   0.02119   0.02113   0.02106   0.02097   0.02086   0.02075   0.02063   0.02050   0.02037   0.02025   0.02013   0.02001   0.01991   0.01981   0.01973   0.01965   0.01958   0.01953
  0.02111   0.02110   0.02107   0.02102   0.02095   0.02086   0.02077   0.02066   0.02054   0.02042   0.02030   0.02019   0.02007   0.01997   0.01987   0.01978   0.01970   0.01963   0.01957   0.01951
  0.02098   0.02097   0.02094   0.02089   0.02083   0.02075   0.02066   0.02056   0.02045   0.02034   0.02023   0.02012   0.02002   0.01992   0.01983   0.01974   0.01967   0.01960   0.01955   0.01950
  0.02084   0.02083   0.02080   0.02076   0.02070   0.02063   0.02054   0.02045   0.02035   0.02025   0.02015   0.02005   0.01996   0.01987   0.01978   0.01971   0.01964   0.01958   0.01952   0.01948
  0.02069   0.02068   0.02066   0.02062   0.02056   0.02050   0.02042   0.02034   0.02025   0.02016   0.02007   0.01998   0.01989   0.01981   0.01974   0.01967   0.01960   0.01955   0.01950   0.01946
  0.02054   0.02054   0.02051   0.02048   0.02043   0.02037   0.02030   0.02023   0.02015   0.02007   0.01999   0.01991   0.01983   0.01976   0.01969   0.01963   0.01957   0.01952   0.01948   0.01944
  0.02040   0.02039   0.02037   0.02034   0.02030   0.02025   0.02019   0.02012   0.02005   0.01998   0.01991   0.01984   0.01977   0.01970   0.01964   0.01959   0.01954   0.01950   0.01946   0.01943
  0.02026   0.02025   0.02024   0.02021   0.02017   0.02013   0.02007   0.02002   0.01996   0.01989   0.01983   0.01977   0.01971   0.01965   0.01960   0.01955   0.01951   0.01947   0.01944   0.01941
  0.02013   0.02012   0.02011   0.02008   0.02005   0.02001   0.01997   0.01992   0.01987   0.01981   0.01976   0.01970   0.01965   0.01960   0.01956   0.01952   0.01948   0.01945   0.01942   0.01939
  0.02000   0.02000   0.01999   0.01997   0.01994   0.01991   0.01987   0.01983   0.01978   0.01974   0.01969   0.01964   0.01960   0.01956   0.01952   0.01948   0.01945   0.01942   0.01940   0.01938
  0.01989   0.01989   0.01988   0.01986   0.01984   0.01981   0.01978   0.01974   0.01971   0.01967   0.01963   0.01959   0.01955   0.01952   0.01948   0.01945   0.01943   0.01940   0.01938   0.01937
  0.01979   0.01979   0.01978   0.01977   0.01975   0.01973   0.01970   0.01967   0.01964   0.01960   0.01957   0.01954   0.01951   0.01948   0.01945   0.01943   0.01941   0.01939   0.01937   0.01935
  0.01971   0.01970   0.01970   0.01968   0.01967   0.01965   0.01963   0.01960   0.01958   0.01955   0.01952   0.01950   0.01947   0.01945   0.01942   0.01940   0.01939   0.01937   0.01936   0.01934
  0.01963   0.01963   0.01962   0.01961   0.01960   0.01958   0.01957   0.01955   0.01952   0.01950   0.01948   0.01946   0.01944   0.01942   0.01940   0.01938   0.01937   0.01936   0.01934   0.01933
  0.01956   0.01956   0.01956   0.01955   0.01954   0.01953   0.01951   0.01950   0.01948   0.01946   0.01944   0.01943   0.01941   0.01939   0.01938   0.01937   0.01935   0.01934   0.01933   0.01933
