  0.05822   0.05796   0.05719   0.05593   0.05423   0.05212   0.04968   0.04696   0.04405   0.04102   0.03793   0.03486   0.03186   0.02898   0.02627   0.02375   0.02145   0.01937   0.01753   0.01591
  0.05796   0.05770   0.05694   0.05569   0.05399   0.05189   0.04946   0.04676   0.04387   0.04085   0.03778   0.03472   0.03174   0.02887   0.02617   0.02367   0.02138   0.01931   0.01748   0.01587
  0.05719   0.05694   0.05618   0.05495   0.05328   0.05121   0.04882   0.04616   0.04331   0.04034   0.03732   0.03431   0.03137   0.02855   0.02590   0.02343   0.02117   0.01914   0.01734   0.01576
  0.05593   0.05569   0.05495   0.05375   0.05212   0.05011   0.04778   0.04519   0.04241   0.03952   0.03657   0.03364   0.03078   0.02803   0.02544   0.02304   0.02084   0.01886   0.01711   0.01557
  0.05423   0.05399   0.05328   0.05212   0.05055   0.04861   0.04636   0.04387   0.04119   0.03840   0.03556   0.03273   0.02997   0.02733   0.02483   0.02251   0.02039   0.01849   0.01679   0.01531
  0.05212   0.05189   0.05121   0.05011   0.04861   0.04676   0.04462   0.04224   0.03968   0.03702   0.03431   0.03161   0.02898   0.02645   0.02407   0.02186   0.01984   0.01802   0.01640   0.01499
  0.04968   0.04946   0.04882   0.04778   0.04636   0.04462   0.04259   0.04034   0.03793   0.03542   0.03286   0.03032   0.02783   0.02544   0.02319   0.02111   0.01920   0.01748   0.01595   0.01462
  0.04696   0.04676   0.04616   0.04519   0.04387   0.04224   0.04034   0.03824   0.03599   0.03364   0.03125   0.02887   0.02655   0.02432   0.02222   0.02027   0.01849   0.01688   0.01545   0.01420
  0.04405   0.04387   0.04331   0.04241   0.04119   0.03968   0.03793   0.03599   0.03391   0.03174   0.02953   0.02733   0.02518   0.02312   0.02117   0.01937   0.01772   0.01624   0.01492   0.01376
  0.04102   0.04085   0.04034   0.03952   0.03840   0.03702   0.03542   0.03364   0.03174   0.02975   0.02773   0.02571   0.02375   0.02186   0.02008   0.01843   0.01693   0.01557   0.01436   0.01330
  0.03793   0.03778   0.03732   0.03657   0.03556   0.03431   0.03286   0.03125   0.02953   0.02773   0.02590   0.02407   0.02229   0.02059   0.01898   0.01748   0.01611   0.01488   0.01379   0.01283
  0.03486   0.03472   0.03431   0.03364   0.03273   0.03161   0.03032   0.02887   0.02733   0.02571   0.02407   0.02244   0.02084   0.01931   0.01787   0.01653   0.01531   0.01420   0.01322   0.01237
  0.03186   0.03174   0.03137   0.03078   0.02997   0.02898   0.02783   0.02655   0.02518   0.02375   0.02229   0.02084   0.01943   0.01807   0.01679   0.01560   0.01452   0.01354   0.01267   0.01191
  0.02898   0.02887   0.02855   0.02803   0.02733   0.02645   0.02544   0.02432   0.02312   0.02186   0.02059   0.01931   0.01807   0.01688   0.01576   0.01472   0.01376   0.01290   0.01214   0.01147
  0.02627   0.02617   0.02590   0.02544   0.02483   0.02407   0.02319   0.02222   0.02117   0.02008   0.01898   0.01787   0.01679   0.01576   0.01478   0.01388   0.01305   0.01230   0.01164   0.01106
  0.02375   0.02367   0.02343   0.02304   0.02251   0.02186   0.02111   0.02027   0.01937   0.01843   0.01748   0.01653   0.01560   0.01472   0.01388   0.01310   0.01239   0.01175   0.01118   0.01068
  0.02145   0.02138   0.02117   0.02084   0.02039   0.01984   0.01920   0.01849   0.01772   0.01693   0.01611   0.01531   0.01452   0.01376   0.01305   0.01239   0.01178   0.01124   0.01075   0.01033
  0.01937   0.01931   0.01914   0.01886   0.01849   0.01802   0.01748   0.01688   0.01624   0.01557   0.01488   0.01420   0.01354   0.01290   0.01230   0.01175   0.01124   0.01078   0.01037   0.01001
  0.01753   0.01748   0.01734   0.01711   0.01679   0.01640   0.01595   0.01545   0.01492   0.01436   0.01379   0.01322   0.01267   0.01214   0.01164   0.01118   0.01075   0.01037   0.01003   0.00973
  0.01591   0.01587   0.01576   0.01557   0.01531   0.01499   0.01462   0.01420   0.01376   0.01330   0.01283   0.01237   0.01191   0.01147   0.01106   0.01068   0.01033   0.01001   0.00973   0.00949
