  0.11698   0.11676   0.11611   0.11504   0.11357   0.11172   0.10955   0.10708   0.10437   0.10146   0.09841   0.09526   0.09206   0.08885   0.08569   0.08261   0.07964   0.07680   0.07413   0.07163
  0.11676   0.11655   0.11590   0.11483   0.11336   0.11152   0.10935   0.10690   0.10420   0.10130   0.09825   0.09511   0.09192   0.08873   0.08558   0.08251   0.07955   0.07672   0.07406   0.07157
  0.11611   0.11590   0.11525   0.11419   0.11274   0.11092   0.10878   0.10635   0.10367   0.10080   0.09779   0.09468   0.09153   0.08837   0.08525   0.08221   0.07928   0.07648   0.07384   0.07138
  0.11504   0.11483   0.11419   0.11315   0.11172   0.10994   0.10783   0.10544   0.10281   0.09999   0.09703   0.09397   0.09087   0.08777   0.08470   0.08171   0.07883   0.07608   0.07349   0.07107
  0.11357   0.11336   0.11274   0.11172   0.11033   0.10859   0.10653   0.10420   0.10163   0.09888   0.09599   0.09300   0.08998   0.08695   0.08395   0.08104   0.07822   0.07554   0.07301   0.07065
  0.11172   0.11152   0.11092   0.10994   0.10859   0.10690   0.10490   0.10264   0.10015   0.09748   0.09468   0.09179   0.08885   0.08592   0.08302   0.08019   0.07746   0.07486   0.07241   0.07012
  0.10955   0.10935   0.10878   0.10783   0.10653   0.10490   0.10298   0.10080   0.09841   0.09584   0.09314   0.09036   0.08753   0.08470   0.08191   0.07919   0.07656   0.07406   0.07170   0.06949
  0.10708   0.10690   0.10635   0.10544   0.10420   0.10264   0.10080   0.09872   0.09643   0.09397   0.09139   0.08873   0.08603   0.08333   0.08065   0.07805   0.07554   0.07315   0.07089   0.06878
  0.10437   0.10420   0.10367   0.10281   0.10163   0.10015   0.09841   0.09643   0.09426   0.09192   0.08947   0.08695   0.08438   0.08181   0.07928   0.07680   0.07442   0.07215   0.07000   0.06800
  0.10146   0.10130   0.10080   0.09999   0.09888   0.09748   0.09584   0.09397   0.09192   0.08972   0.08741   0.08503   0.08261   0.08019   0.07780   0.07546   0.07322   0.07107   0.06905   0.06716
  0.09841   0.09825   0.09779   0.09703   0.09599   0.09468   0.09314   0.09139   0.08947   0.08741   0.08525   0.08302   0.08075   0.07848   0.07624   0.07406   0.07195   0.06994   0.06805   0.06628
  0.09526   0.09511   0.09468   0.09397   0.09300   0.09179   0.09036   0.08873   0.08695   0.08503   0.08302   0.08094   0.07883   0.07672   0.07464   0.07261   0.07065   0.06878   0.06702   0.06537
  0.09206   0.09192   0.09153   0.09087   0.08998   0.08885   0.08753   0.08603   0.08438   0.08261   0.08075   0.07883   0.07688   0.07493   0.07301   0.07113   0.06932   0.06760   0.06597   0.06445
  0.08885   0.08873   0.08837   0.08777   0.08695   0.08592   0.08470   0.08333   0.08181   0.08019   0.07848   0.07672   0.07493   0.07315   0.07138   0.06966   0.06800   0.06642   0.06492   0.06353
  0.08569   0.08558   0.08525   0.08470   0.08395   0.08302   0.08191   0.08065   0.07928   0.07780   0.07624   0.07464   0.07301   0.07138   0.06977   0.06820   0.06669   0.06525   0.06389   0.06262
  0.08261   0.08251   0.08221   0.08171   0.08104   0.08019   0.07919   0.07805   0.07680   0.07546   0.07406   0.07261   0.07113   0.06966   0.06820   0.06678   0.06542   0.06411   0.06288   0.06173
  0.07964   0.07955   0.07928   0.07883   0.07822   0.07746   0.07656   0.07554   0.07442   0.07322   0.07195   0.07065   0.06932   0.06800   0.06669   0.06542   0.06419   0.06301   0.06191   0.06087
  0.07680   0.07672   0.07648   0.07608   0.07554   0.07486   0.07406   0.07315   0.07215   0.07107   0.06994   0.06878   0.06760   0.06642   0.06525   0.06411   0.06301   0.06197   0.06098   0.06006
  0.07413   0.07406   0.07384   0.07349   0.07301   0.07241   0.07170   0.07089   0.07000   0.06905   0.06805   0.06702   0.06597   0.06492   0.06389   0.06288   0.06191   0.06098   0.06011   0.05929
  0.07163   0.07157   0.07138   0.07107   0.07065   0.07012   0.06949   0.06878   0.06800   0.06716   0.06628   0.06537   0.06445   0.06353   0.06262   0.06173   0.06087   0.06006   0.05929   0.05857
