  0.17853   0.17813   0.17693   0.17496   0.17226   0.16890   0.16495   0.16049   0.15562   0.15043   0.14502   0.13949   0.13392   0.12841   0.12303   0.11785   0.11292   0.10828   0.10397   0.10001
  0.17813   0.17773   0.17653   0.17457   0.17188   0.16853   0.16460   0.16015   0.15530   0.15013   0.14474   0.13923   0.13369   0.12820   0.12285   0.11768   0.11277   0.10815   0.10386   0.09991
  0.17693   0.17653   0.17535   0.17341   0.17075   0.16744   0.16355   0.15916   0.15436   0.14925   0.14393   0.13848   0.13301   0.12758   0.12228   0.11718   0.11232   0.10776   0.10351   0.09961
  0.17496   0.17457   0.17341   0.17150   0.16890   0.16565   0.16184   0.15753   0.15283   0.14781   0.14259   0.13725   0.13188   0.12656   0.12136   0.11636   0.11159   0.10712   0.10295   0.09913
  0.17226   0.17188   0.17075   0.16890   0.16636   0.16320   0.15949   0.15530   0.15072   0.14585   0.14076   0.13556   0.13034   0.12516   0.12010   0.11523   0.11060   0.10624   0.10219   0.09846
  0.16890   0.16853   0.16744   0.16565   0.16320   0.16015   0.15657   0.15252   0.14810   0.14339   0.13848   0.13346   0.12841   0.12341   0.11853   0.11383   0.10935   0.10514   0.10123   0.09763
  0.16495   0.16460   0.16355   0.16184   0.15949   0.15657   0.15313   0.14925   0.14502   0.14051   0.13580   0.13099   0.12615   0.12136   0.11668   0.11218   0.10789   0.10386   0.10011   0.09666
  0.16049   0.16015   0.15916   0.15753   0.15530   0.15252   0.14925   0.14557   0.14154   0.13725   0.13278   0.12820   0.12360   0.11905   0.11460   0.11032   0.10624   0.10240   0.09884   0.09556
  0.15562   0.15530   0.15436   0.15283   0.15072   0.14810   0.14502   0.14154   0.13774   0.13369   0.12947   0.12516   0.12082   0.11652   0.11232   0.10828   0.10443   0.10082   0.09745   0.09436
  0.15043   0.15013   0.14925   0.14781   0.14585   0.14339   0.14051   0.13725   0.13369   0.12990   0.12595   0.12191   0.11785   0.11383   0.10990   0.10611   0.10251   0.09913   0.09598   0.09308
  0.14502   0.14474   0.14393   0.14259   0.14076   0.13848   0.13580   0.13278   0.12947   0.12595   0.12228   0.11853   0.11476   0.11102   0.10737   0.10386   0.10051   0.09736   0.09444   0.09175
  0.13949   0.13923   0.13848   0.13725   0.13556   0.13346   0.13099   0.12820   0.12516   0.12191   0.11853   0.11507   0.11159   0.10815   0.10479   0.10155   0.09846   0.09556   0.09287   0.09039
  0.13392   0.13369   0.13301   0.13188   0.13034   0.12841   0.12615   0.12360   0.12082   0.11785   0.11476   0.11159   0.10841   0.10526   0.10219   0.09922   0.09640   0.09375   0.09129   0.08902
  0.12841   0.12820   0.12758   0.12656   0.12516   0.12341   0.12136   0.11905   0.11652   0.11383   0.11102   0.10815   0.10526   0.10240   0.09961   0.09692   0.09436   0.09196   0.08972   0.08766
  0.12303   0.12285   0.12228   0.12136   0.12010   0.11853   0.11668   0.11460   0.11232   0.10990   0.10737   0.10479   0.10219   0.09961   0.09710   0.09468   0.09237   0.09020   0.08819   0.08634
  0.11785   0.11768   0.11718   0.11636   0.11523   0.11383   0.11218   0.11032   0.10828   0.10611   0.10386   0.10155   0.09922   0.09692   0.09468   0.09251   0.09045   0.08852   0.08672   0.08506
  0.11292   0.11277   0.11232   0.11159   0.11060   0.10935   0.10789   0.10624   0.10443   0.10251   0.10051   0.09846   0.09640   0.09436   0.09237   0.09045   0.08863   0.08691   0.08531   0.08385
  0.10828   0.10815   0.10776   0.10712   0.10624   0.10514   0.10386   0.10240   0.10082   0.09913   0.09736   0.09556   0.09375   0.09196   0.09020   0.08852   0.08691   0.08540   0.08399   0.08270
  0.10397   0.10386   0.10351   0.10295   0.10219   0.10123   0.10011   0.09884   0.09745   0.09598   0.09444   0.09287   0.09129   0.08972   0.08819   0.08672   0.08531   0.08399   0.08277   0.08164
  0.10001   0.09991   0.09961   0.09913   0.09846   0.09763   0.09666   0.09556   0.09436   0.09308   0.09175   0.09039   0.08902   0.08766   0.08634   0.08506   0.08385   0.08270   0.08164   0.08067
