  0.31133   0.31063   0.30854   0.30510   0.30040   0.29453   0.28764   0.27987   0.27138   0.26233   0.25290   0.24325   0.23355   0.22394   0.21456   0.20553   0.19692   0.18884   0.18132   0.17441
  0.31063   0.30993   0.30784   0.30442   0.29973   0.29390   0.28703   0.27929   0.27083   0.26181   0.25242   0.24281   0.23315   0.22358   0.21423   0.20523   0.19666   0.18861   0.18112   0.17424
  0.30854   0.30784   0.30578   0.30239   0.29777   0.29199   0.28521   0.27756   0.26919   0.26028   0.25100   0.24150   0.23195   0.22249   0.21326   0.20436   0.19589   0.18793   0.18053   0.17372
  0.30510   0.30442   0.30239   0.29908   0.29453   0.28888   0.28222   0.27471   0.26651   0.25777   0.24867   0.23935   0.22998   0.22071   0.21165   0.20292   0.19462   0.18681   0.17955   0.17287
  0.30040   0.29973   0.29777   0.29453   0.29012   0.28461   0.27813   0.27083   0.26284   0.25434   0.24548   0.23641   0.22729   0.21827   0.20945   0.20096   0.19287   0.18527   0.17821   0.17172
  0.29453   0.29390   0.29199   0.28888   0.28461   0.27929   0.27304   0.26598   0.25827   0.25006   0.24150   0.23275   0.22394   0.21522   0.20671   0.19851   0.19070   0.18337   0.17654   0.17027
  0.28764   0.28703   0.28521   0.28222   0.27813   0.27304   0.26704   0.26028   0.25290   0.24503   0.23683   0.22844   0.22000   0.21165   0.20349   0.19563   0.18815   0.18112   0.17458   0.16857
  0.27987   0.27929   0.27756   0.27471   0.27083   0.26598   0.26028   0.25386   0.24683   0.23935   0.23155   0.22358   0.21556   0.20761   0.19986   0.19239   0.18527   0.17859   0.17237   0.16666
  0.27138   0.27083   0.26919   0.26651   0.26284   0.25827   0.25290   0.24683   0.24021   0.23315   0.22579   0.21827   0.21070   0.20321   0.19589   0.18884   0.18213   0.17582   0.16996   0.16457
  0.26233   0.26181   0.26028   0.25777   0.25434   0.25006   0.24503   0.23935   0.23315   0.22654   0.21965   0.21261   0.20553   0.19851   0.19166   0.18506   0.17878   0.17287   0.16738   0.16234
  0.25290   0.25242   0.25100   0.24867   0.24548   0.24150   0.23683   0.23155   0.22579   0.21965   0.21326   0.20671   0.20013   0.19362   0.18725   0.18112   0.17529   0.16980   0.16470   0.16001
  0.24325   0.24281   0.24150   0.23935   0.23641   0.23275   0.22844   0.22358   0.21827   0.21261   0.20671   0.20068   0.19462   0.18861   0.18274   0.17709   0.17172   0.16666   0.16196   0.15764
  0.23355   0.23315   0.23195   0.22998   0.22729   0.22394   0.22000   0.21556   0.21070   0.20553   0.20013   0.19462   0.18907   0.18357   0.17821   0.17304   0.16812   0.16350   0.15920   0.15525
  0.22394   0.22358   0.22249   0.22071   0.21827   0.21522   0.21165   0.20761   0.20321   0.19851   0.19362   0.18861   0.18357   0.17859   0.17372   0.16903   0.16457   0.16037   0.15647   0.15288
  0.21456   0.21423   0.21326   0.21165   0.20945   0.20671   0.20349   0.19986   0.19589   0.19166   0.18725   0.18274   0.17821   0.17372   0.16934   0.16511   0.16109   0.15731   0.15380   0.15057
  0.20553   0.20523   0.20436   0.20292   0.20096   0.19851   0.19563   0.19239   0.18884   0.18506   0.18112   0.17709   0.17304   0.16903   0.16511   0.16134   0.15775   0.15437   0.15123   0.14834
  0.19692   0.19666   0.19589   0.19462   0.19287   0.19070   0.18815   0.18527   0.18213   0.17878   0.17529   0.17172   0.16812   0.16457   0.16109   0.15775   0.15456   0.15157   0.14878   0.14623
  0.18884   0.18861   0.18793   0.18681   0.18527   0.18337   0.18112   0.17859   0.17582   0.17287   0.16980   0.16666   0.16350   0.16037   0.15731   0.15437   0.15157   0.14893   0.14648   0.14423
  0.18132   0.18112   0.18053   0.17955   0.17821   0.17654   0.17458   0.17237   0.16996   0.16738   0.16470   0.16196   0.15920   0.15647   0.15380   0.15123   0.14878   0.14648   0.14435   0.14238
  0.17441   0.17424   0.17372   0.17287   0.17172   0.17027   0.16857   0.16666   0.16457   0.16234   0.16001   0.15764   0.15525   0.15288   0.15057   0.14834   0.14623   0.14423   0.14238   0.14068
