  0.04998   0.04995   0.04986   0.04971   0.04952   0.04927   0.04899   0.04868   0.04835   0.04801   0.04767   0.04733   0.04701   0.04670   0.04642   0.04616   0.04593   0.04573   0.04555   0.04540
  0.04995   0.04992   0.04983   0.04969   0.04949   0.04924   0.04897   0.04866   0.04833   0.04799   0.04765   0.04732   0.04700   0.04669   0.04641   0.04615   0.04592   0.04572   0.04554   0.04539
  0.04986   0.04983   0.04974   0.04960   0.04941   0.04917   0.04889   0.04859   0.04827   0.04794   0.04760   0.04727   0.04696   0.04666   0.04638   0.04613   0.04590   0.04570   0.04553   0.04538
  0.04971   0.04969   0.04960   0.04946   0.04927   0.04904   0.04877   0.04848   0.04817   0.04784   0.04752   0.04720   0.04689   0.04660   0.04634   0.04609   0.04587   0.04568   0.04551   0.04536
  0.04952   0.04949   0.04941   0.04927   0.04909   0.04887   0.04861   0.04833   0.04803   0.04772   0.04741   0.04710   0.04681   0.04653   0.04627   0.04604   0.04583   0.04564   0.04548   0.04534
  0.04927   0.04924   0.04917   0.04904   0.04887   0.04866   0.04841   0.04815   0.04786   0.04757   0.04727   0.04698   0.04670   0.04644   0.04619   0.04597   0.04577   0.04560   0.04544   0.04531
  0.04899   0.04897   0.04889   0.04877   0.04861   0.04841   0.04819   0.04794   0.04767   0.04739   0.04712   0.04684   0.04658   0.04634   0.04611   0.04590   0.04571   0.04554   0.04540   0.04528
  0.04868   0.04866   0.04859   0.04848   0.04833   0.04815   0.04794   0.04770   0.04746   0.04720   0.04694   0.04669   0.04645   0.04622   0.04601   0.04581   0.04564   0.04549   0.04535   0.04524
  0.04835   0.04833   0.04827   0.04817   0.04803   0.04786   0.04767   0.04746   0.04723   0.04700   0.04676   0.04653   0.04631   0.04610   0.04590   0.04573   0.04557   0.04543   0.04530   0.04520
  0.04801   0.04799   0.04794   0.04784   0.04772   0.04757   0.04739   0.04720   0.04700   0.04678   0.04657   0.04636   0.04616   0.04597   0.04580   0.04564   0.04549   0.04536   0.04525   0.04516
  0.04767   0.04765   0.04760   0.04752   0.04741   0.04727   0.04712   0.04694   0.04676   0.04657   0.04638   0.04619   0.04601   0.04584   0.04569   0.04554   0.04542   0.04530   0.04520   0.04512
  0.04733   0.04732   0.04727   0.04720   0.04710   0.04698   0.04684   0.04669   0.04653   0.04636   0.04619   0.04603   0.04587   0.04572   0.04558   0.04545   0.04534   0.04524   0.04515   0.04508
  0.04701   0.04700   0.04696   0.04689   0.04681   0.04670   0.04658   0.04645   0.04631   0.04616   0.04601   0.04587   0.04573   0.04560   0.04548   0.04537   0.04527   0.04518   0.04510   0.04504
  0.04670   0.04669   0.04666   0.04660   0.04653   0.04644   0.04634   0.04622   0.04610   0.04597   0.04584   0.04572   0.04560   0.04549   0.04538   0.04529   0.04520   0.04512   0.04506   0.04500
  0.04642   0.04641   0.04638   0.04634   0.04627   0.04619   0.04611   0.04601   0.04590   0.04580   0.04569   0.04558   0.04548   0.04538   0.04529   0.04521   0.04514   0.04507   0.04502   0.04497
  0.04616   0.04615   0.04613   0.04609   0.04604   0.04597   0.04590   0.04581   0.04573   0.04564   0.04554   0.04545   0.04537   0.04529   0.04521   0.04514   0.04508   0.04502   0.04498   0.04494
  0.04593   0.04592   0.04590   0.04587   0.04583   0.04577   0.04571   0.04564   0.04557   0.04549   0.04542   0.04534   0.04527   0.04520   0.04514   0.04508   0.04503   0.04498   0.04494   0.04491
  0.04573   0.04572   0.04570   0.04568   0.04564   0.04560   0.04554   0.04549   0.04543   0.04536   0.04530   0.04524   0.04518   0.04512   0.04507   0.04502   0.04498   0.04494   0.04491   0.04488
  0.04555   0.04554   0.04553   0.04551   0.04548   0.04544   0.04540   0.04535   0.04530   0.04525   0.04520   0.04515   0.04510   0.04506   0.04502   0.04498   0.04494   0.04491   0.04489   0.04486
  0.04540   0.04539   0.04538   0.04536   0.04534   0.04531   0.04528   0.04524   0.04520   0.04516   0.04512   0.04508   0.04504   0.04500   0.04497   0.04494   0.04491   0.04488   0.04486   0.04484
