  0.37915   0.37812   0.37506   0.37005   0.36322   0.35476   0.34487   0.33380   0.32181   0.30917   0.29614   0.28299   0.26994   0.25722   0.24500   0.23343   0.22263   0.21269   0.20364   0.19550
  0.37812   0.37710   0.37405   0.36906   0.36227   0.35384   0.34400   0.33298   0.32104   0.30845   0.29549   0.28239   0.26940   0.25674   0.24457   0.23306   0.22231   0.21241   0.20340   0.19530
  0.37506   0.37405   0.37104   0.36612   0.35942   0.35111   0.34140   0.33052   0.31875   0.30633   0.29354   0.28062   0.26781   0.25531   0.24331   0.23195   0.22135   0.21158   0.20269   0.19470
  0.37005   0.36906   0.36612   0.36131   0.35476   0.34663   0.33714   0.32651   0.31500   0.30286   0.29035   0.27772   0.26519   0.25298   0.24124   0.23014   0.21977   0.21022   0.20153   0.19372
  0.36322   0.36227   0.35942   0.35476   0.34841   0.34054   0.33134   0.32104   0.30989   0.29812   0.28601   0.27377   0.26163   0.24980   0.23843   0.22767   0.21763   0.20837   0.19995   0.19239
  0.35476   0.35384   0.35111   0.34663   0.34054   0.33298   0.32414   0.31426   0.30355   0.29225   0.28062   0.26887   0.25722   0.24585   0.23494   0.22461   0.21496   0.20608   0.19799   0.19073
  0.34487   0.34400   0.34140   0.33714   0.33134   0.32414   0.31574   0.30633   0.29614   0.28540   0.27433   0.26315   0.25206   0.24124   0.23086   0.22103   0.21185   0.20340   0.19571   0.18880
  0.33380   0.33298   0.33052   0.32651   0.32104   0.31426   0.30633   0.29746   0.28785   0.27772   0.26728   0.25674   0.24628   0.23609   0.22629   0.21702   0.20837   0.20040   0.19315   0.18663
  0.32181   0.32104   0.31875   0.31500   0.30989   0.30355   0.29614   0.28785   0.27887   0.26940   0.25965   0.24980   0.24003   0.23050   0.22135   0.21269   0.20460   0.19715   0.19037   0.18428
  0.30917   0.30845   0.30633   0.30286   0.29812   0.29225   0.28540   0.27772   0.26940   0.26064   0.25160   0.24248   0.23343   0.22461   0.21613   0.20811   0.20062   0.19372   0.18745   0.18181
  0.29614   0.29549   0.29354   0.29035   0.28601   0.28062   0.27433   0.26728   0.25965   0.25160   0.24331   0.23494   0.22663   0.21854   0.21076   0.20340   0.19653   0.19019   0.18444   0.17926
  0.28299   0.28239   0.28062   0.27772   0.27377   0.26887   0.26315   0.25674   0.24980   0.24248   0.23494   0.22732   0.21977   0.21241   0.20533   0.19864   0.19239   0.18663   0.18139   0.17669
  0.26994   0.26940   0.26781   0.26519   0.26163   0.25722   0.25206   0.24628   0.24003   0.23343   0.22663   0.21977   0.21297   0.20633   0.19995   0.19392   0.18829   0.18310   0.17837   0.17413
  0.25722   0.25674   0.25531   0.25298   0.24980   0.24585   0.24124   0.23609   0.23050   0.22461   0.21854   0.21241   0.20633   0.20040   0.19470   0.18931   0.18428   0.17965   0.17543   0.17164
  0.24500   0.24457   0.24331   0.24124   0.23843   0.23494   0.23086   0.22629   0.22135   0.21613   0.21076   0.20533   0.19995   0.19470   0.18966   0.18489   0.18044   0.17634   0.17260   0.16925
  0.23343   0.23306   0.23195   0.23014   0.22767   0.22461   0.22103   0.21702   0.21269   0.20811   0.20340   0.19864   0.19392   0.18931   0.18489   0.18071   0.17680   0.17320   0.16993   0.16699
  0.22263   0.22231   0.22135   0.21977   0.21763   0.21496   0.21185   0.20837   0.20460   0.20062   0.19653   0.19239   0.18829   0.18428   0.18044   0.17680   0.17341   0.17028   0.16743   0.16487
  0.21269   0.21241   0.21158   0.21022   0.20837   0.20608   0.20340   0.20040   0.19715   0.19372   0.19019   0.18663   0.18310   0.17965   0.17634   0.17320   0.17028   0.16758   0.16513   0.16293
  0.20364   0.20340   0.20269   0.20153   0.19995   0.19799   0.19571   0.19315   0.19037   0.18745   0.18444   0.18139   0.17837   0.17543   0.17260   0.16993   0.16743   0.16513   0.16304   0.16116
  0.19550   0.19530   0.19470   0.19372   0.19239   0.19073   0.18880   0.18663   0.18428   0.18181   0.17926   0.17669   0.17413   0.17164   0.16925   0.16699   0.16487   0.16293   0.16116   0.15956
