  0.17963   0.17883   0.17645   0.17257   0.16730   0.16081   0.15327   0.14490   0.13593   0.12657   0.11705   0.10758   0.09832   0.08944   0.08107   0.07329   0.06619   0.05979   0.05410   0.04912
  0.17883   0.17803   0.17567   0.17180   0.16656   0.16010   0.15261   0.14428   0.13536   0.12605   0.11658   0.10715   0.09794   0.08911   0.08078   0.07305   0.06598   0.05961   0.05396   0.04900
  0.17645   0.17567   0.17334   0.16953   0.16438   0.15801   0.15063   0.14244   0.13365   0.12449   0.11517   0.10588   0.09682   0.08812   0.07992   0.07231   0.06535   0.05909   0.05352   0.04864
  0.17257   0.17180   0.16953   0.16583   0.16081   0.15461   0.14742   0.13944   0.13087   0.12195   0.11286   0.10382   0.09499   0.08652   0.07853   0.07111   0.06433   0.05823   0.05280   0.04805
  0.16730   0.16656   0.16438   0.16081   0.15596   0.14998   0.14305   0.13536   0.12710   0.11850   0.10974   0.10102   0.09250   0.08434   0.07663   0.06948   0.06295   0.05706   0.05183   0.04725
  0.16081   0.16010   0.15801   0.15461   0.14998   0.14428   0.13767   0.13033   0.12245   0.11424   0.10588   0.09756   0.08944   0.08165   0.07430   0.06748   0.06124   0.05562   0.05063   0.04626
  0.15327   0.15261   0.15063   0.14742   0.14305   0.13767   0.13142   0.12449   0.11705   0.10930   0.10141   0.09356   0.08589   0.07853   0.07159   0.06515   0.05926   0.05396   0.04925   0.04512
  0.14490   0.14428   0.14244   0.13944   0.13536   0.13033   0.12449   0.11801   0.11106   0.10382   0.09645   0.08911   0.08194   0.07506   0.06858   0.06256   0.05706   0.05211   0.04770   0.04385
  0.13593   0.13536   0.13365   0.13087   0.12710   0.12245   0.11705   0.11106   0.10464   0.09794   0.09112   0.08434   0.07771   0.07135   0.06535   0.05979   0.05470   0.05012   0.04605   0.04248
  0.12657   0.12605   0.12449   0.12195   0.11850   0.11424   0.10930   0.10382   0.09794   0.09181   0.08557   0.07936   0.07329   0.06748   0.06199   0.05690   0.05224   0.04805   0.04432   0.04106
  0.11705   0.11658   0.11517   0.11286   0.10974   0.10588   0.10141   0.09645   0.09112   0.08557   0.07992   0.07430   0.06881   0.06354   0.05857   0.05396   0.04974   0.04594   0.04257   0.03961
  0.10758   0.10715   0.10588   0.10382   0.10102   0.09756   0.09356   0.08911   0.08434   0.07936   0.07430   0.06926   0.06433   0.05961   0.05516   0.05103   0.04725   0.04385   0.04082   0.03817
  0.09832   0.09794   0.09682   0.09499   0.09250   0.08944   0.08589   0.08194   0.07771   0.07329   0.06881   0.06433   0.05997   0.05578   0.05183   0.04817   0.04482   0.04180   0.03912   0.03677
  0.08944   0.08911   0.08812   0.08652   0.08434   0.08165   0.07853   0.07506   0.07135   0.06748   0.06354   0.05961   0.05578   0.05211   0.04864   0.04542   0.04248   0.03983   0.03748   0.03542
  0.08107   0.08078   0.07992   0.07853   0.07663   0.07430   0.07159   0.06858   0.06535   0.06199   0.05857   0.05516   0.05183   0.04864   0.04563   0.04283   0.04028   0.03798   0.03594   0.03414
  0.07329   0.07305   0.07231   0.07111   0.06948   0.06748   0.06515   0.06256   0.05979   0.05690   0.05396   0.05103   0.04817   0.04542   0.04283   0.04043   0.03824   0.03626   0.03450   0.03296
  0.06619   0.06598   0.06535   0.06433   0.06295   0.06124   0.05926   0.05706   0.05470   0.05224   0.04974   0.04725   0.04482   0.04248   0.04028   0.03824   0.03637   0.03469   0.03319   0.03188
  0.05979   0.05961   0.05909   0.05823   0.05706   0.05562   0.05396   0.05211   0.05012   0.04805   0.04594   0.04385   0.04180   0.03983   0.03798   0.03626   0.03469   0.03327   0.03201   0.03091
  0.05410   0.05396   0.05352   0.05280   0.05183   0.05063   0.04925   0.04770   0.04605   0.04432   0.04257   0.04082   0.03912   0.03748   0.03594   0.03450   0.03319   0.03201   0.03096   0.03005
  0.04912   0.04900   0.04864   0.04805   0.04725   0.04626   0.04512   0.04385   0.04248   0.04106   0.03961   0.03817   0.03677   0.03542   0.03414   0.03296   0.03188   0.03091   0.03005   0.02929
