  0.11302   0.11252   0.11104   0.10862   0.10535   0.10135   0.09674   0.09167   0.08629   0.08074   0.07518   0.06972   0.06447   0.05953   0.05497   0.05081   0.04710   0.04384   0.04102   0.03861
  0.11252   0.11202   0.11055   0.10814   0.10490   0.10092   0.09634   0.09130   0.08595   0.08043   0.07490   0.06947   0.06426   0.05935   0.05481   0.05068   0.04700   0.04375   0.04094   0.03855
  0.11104   0.11055   0.10910   0.10674   0.10355   0.09964   0.09514   0.09019   0.08493   0.07952   0.07408   0.06875   0.06363   0.05881   0.05435   0.05030   0.04667   0.04349   0.04073   0.03838
  0.10862   0.10814   0.10674   0.10445   0.10135   0.09756   0.09319   0.08838   0.08328   0.07803   0.07275   0.06758   0.06261   0.05793   0.05360   0.04967   0.04615   0.04306   0.04038   0.03810
  0.10535   0.10490   0.10355   0.10135   0.09838   0.09474   0.09055   0.08595   0.08105   0.07601   0.07096   0.06599   0.06123   0.05674   0.05259   0.04881   0.04544   0.04248   0.03991   0.03772
  0.10135   0.10092   0.09964   0.09756   0.09474   0.09130   0.08733   0.08296   0.07832   0.07355   0.06875   0.06405   0.05953   0.05528   0.05135   0.04777   0.04457   0.04176   0.03933   0.03725
  0.09674   0.09634   0.09514   0.09319   0.09055   0.08733   0.08361   0.07952   0.07518   0.07071   0.06622   0.06181   0.05758   0.05360   0.04992   0.04657   0.04358   0.04094   0.03866   0.03672
  0.09167   0.09130   0.09019   0.08838   0.08595   0.08296   0.07952   0.07573   0.07172   0.06758   0.06343   0.05935   0.05544   0.05175   0.04834   0.04525   0.04248   0.04004   0.03793   0.03613
  0.08629   0.08595   0.08493   0.08328   0.08105   0.07832   0.07518   0.07172   0.06804   0.06426   0.06046   0.05674   0.05316   0.04979   0.04667   0.04384   0.04131   0.03908   0.03715   0.03551
  0.08074   0.08043   0.07952   0.07803   0.07601   0.07355   0.07071   0.06758   0.06426   0.06084   0.05741   0.05405   0.05081   0.04777   0.04495   0.04240   0.04011   0.03810   0.03635   0.03487
  0.07518   0.07490   0.07408   0.07275   0.07096   0.06875   0.06622   0.06343   0.06046   0.05741   0.05435   0.05135   0.04846   0.04574   0.04323   0.04094   0.03890   0.03711   0.03555   0.03422
  0.06972   0.06947   0.06875   0.06758   0.06599   0.06405   0.06181   0.05935   0.05674   0.05405   0.05135   0.04870   0.04615   0.04375   0.04153   0.03952   0.03772   0.03613   0.03476   0.03359
  0.06447   0.06426   0.06363   0.06261   0.06123   0.05953   0.05758   0.05544   0.05316   0.05081   0.04846   0.04615   0.04393   0.04184   0.03991   0.03815   0.03658   0.03520   0.03401   0.03299
  0.05953   0.05935   0.05881   0.05793   0.05674   0.05528   0.05360   0.05175   0.04979   0.04777   0.04574   0.04375   0.04184   0.04004   0.03838   0.03686   0.03551   0.03432   0.03329   0.03241
  0.05497   0.05481   0.05435   0.05360   0.05259   0.05135   0.04992   0.04834   0.04667   0.04495   0.04323   0.04153   0.03991   0.03838   0.03696   0.03567   0.03452   0.03351   0.03263   0.03188
  0.05081   0.05068   0.05030   0.04967   0.04881   0.04777   0.04657   0.04525   0.04384   0.04240   0.04094   0.03952   0.03815   0.03686   0.03567   0.03459   0.03362   0.03277   0.03203   0.03140
  0.04710   0.04700   0.04667   0.04615   0.04544   0.04457   0.04358   0.04248   0.04131   0.04011   0.03890   0.03772   0.03658   0.03551   0.03452   0.03362   0.03282   0.03211   0.03150   0.03097
  0.04384   0.04375   0.04349   0.04306   0.04248   0.04176   0.04094   0.04004   0.03908   0.03810   0.03711   0.03613   0.03520   0.03432   0.03351   0.03277   0.03211   0.03153   0.03103   0.03060
  0.04102   0.04094   0.04073   0.04038   0.03991   0.03933   0.03866   0.03793   0.03715   0.03635   0.03555   0.03476   0.03401   0.03329   0.03263   0.03203   0.03150   0.03103   0.03062   0.03027
  0.03861   0.03855   0.03838   0.03810   0.03772   0.03725   0.03672   0.03613   0.03551   0.03487   0.03422   0.03359   0.03299   0.03241   0.03188   0.03140   0.03097   0.03060   0.03027   0.02999
