  0.01416   0.01412   0.01400   0.01381   0.01355   0.01323   0.01285   0.01243   0.01197   0.01148   0.01098   0.01047   0.00996   0.00946   0.00898   0.00852   0.00809   0.00769   0.00732   0.00699
  0.01412   0.01408   0.01396   0.01377   0.01351   0.01319   0.01282   0.01240   0.01194   0.01145   0.01095   0.01044   0.00994   0.00944   0.00896   0.00851   0.00808   0.00768   0.00731   0.00698
  0.01400   0.01396   0.01385   0.01366   0.01341   0.01309   0.01272   0.01230   0.01185   0.01137   0.01088   0.01037   0.00987   0.00938   0.00891   0.00846   0.00804   0.00765   0.00729   0.00696
  0.01381   0.01377   0.01366   0.01348   0.01323   0.01292   0.01256   0.01215   0.01171   0.01124   0.01075   0.01026   0.00977   0.00929   0.00883   0.00839   0.00797   0.00759   0.00724   0.00692
  0.01355   0.01351   0.01341   0.01323   0.01299   0.01269   0.01233   0.01194   0.01151   0.01105   0.01058   0.01011   0.00963   0.00917   0.00872   0.00829   0.00789   0.00752   0.00717   0.00686
  0.01323   0.01319   0.01309   0.01292   0.01269   0.01240   0.01206   0.01168   0.01126   0.01083   0.01037   0.00992   0.00946   0.00901   0.00858   0.00817   0.00778   0.00742   0.00709   0.00680
  0.01285   0.01282   0.01272   0.01256   0.01233   0.01206   0.01173   0.01137   0.01098   0.01056   0.01013   0.00969   0.00926   0.00883   0.00842   0.00802   0.00766   0.00731   0.00700   0.00672
  0.01243   0.01240   0.01230   0.01215   0.01194   0.01168   0.01137   0.01103   0.01066   0.01026   0.00985   0.00944   0.00903   0.00863   0.00824   0.00786   0.00752   0.00719   0.00690   0.00663
  0.01197   0.01194   0.01185   0.01171   0.01151   0.01126   0.01098   0.01066   0.01031   0.00994   0.00956   0.00917   0.00878   0.00840   0.00804   0.00769   0.00736   0.00706   0.00678   0.00653
  0.01148   0.01145   0.01137   0.01124   0.01105   0.01083   0.01056   0.01026   0.00994   0.00959   0.00924   0.00888   0.00852   0.00817   0.00783   0.00751   0.00720   0.00692   0.00666   0.00643
  0.01098   0.01095   0.01088   0.01075   0.01058   0.01037   0.01013   0.00985   0.00956   0.00924   0.00891   0.00858   0.00825   0.00792   0.00761   0.00731   0.00703   0.00677   0.00654   0.00632
  0.01047   0.01044   0.01037   0.01026   0.01011   0.00992   0.00969   0.00944   0.00917   0.00888   0.00858   0.00828   0.00797   0.00768   0.00739   0.00712   0.00686   0.00663   0.00641   0.00621
  0.00996   0.00994   0.00987   0.00977   0.00963   0.00946   0.00926   0.00903   0.00878   0.00852   0.00825   0.00797   0.00770   0.00743   0.00717   0.00693   0.00670   0.00648   0.00628   0.00611
  0.00946   0.00944   0.00938   0.00929   0.00917   0.00901   0.00883   0.00863   0.00840   0.00817   0.00792   0.00768   0.00743   0.00719   0.00696   0.00674   0.00653   0.00634   0.00616   0.00600
  0.00898   0.00896   0.00891   0.00883   0.00872   0.00858   0.00842   0.00824   0.00804   0.00783   0.00761   0.00739   0.00717   0.00696   0.00675   0.00656   0.00637   0.00620   0.00604   0.00590
  0.00852   0.00851   0.00846   0.00839   0.00829   0.00817   0.00802   0.00786   0.00769   0.00751   0.00731   0.00712   0.00693   0.00674   0.00656   0.00638   0.00622   0.00607   0.00593   0.00580
  0.00809   0.00808   0.00804   0.00797   0.00789   0.00778   0.00766   0.00752   0.00736   0.00720   0.00703   0.00686   0.00670   0.00653   0.00637   0.00622   0.00608   0.00594   0.00582   0.00571
  0.00769   0.00768   0.00765   0.00759   0.00752   0.00742   0.00731   0.00719   0.00706   0.00692   0.00677   0.00663   0.00648   0.00634   0.00620   0.00607   0.00594   0.00583   0.00572   0.00563
  0.00732   0.00731   0.00729   0.00724   0.00717   0.00709   0.00700   0.00690   0.00678   0.00666   0.00654   0.00641   0.00628   0.00616   0.00604   0.00593   0.00582   0.00572   0.00563   0.00555
  0.00699   0.00698   0.00696   0.00692   0.00686   0.00680   0.00672   0.00663   0.00653   0.00643   0.00632   0.00621   0.00611   0.00600   0.00590   0.00580   0.00571   0.00563   0.00555   0.00548
