  0.08867   0.08836   0.08744   0.08593   0.08386   0.08130   0.07829   0.07492   0.07125   0.06737   0.06335   0.05927   0.05520   0.05121   0.04735   0.04367   0.04020   0.03699   0.03404   0.03136
  0.08836   0.08805   0.08713   0.08563   0.08357   0.08102   0.07803   0.07467   0.07102   0.06715   0.06315   0.05908   0.05503   0.05106   0.04721   0.04355   0.04010   0.03690   0.03396   0.03129
  0.08744   0.08713   0.08623   0.08474   0.08271   0.08019   0.07723   0.07392   0.07031   0.06650   0.06254   0.05853   0.05453   0.05061   0.04681   0.04319   0.03979   0.03663   0.03373   0.03110
  0.08593   0.08563   0.08474   0.08328   0.08130   0.07883   0.07594   0.07269   0.06916   0.06542   0.06156   0.05763   0.05371   0.04987   0.04616   0.04261   0.03928   0.03619   0.03335   0.03077
  0.08386   0.08357   0.08271   0.08130   0.07937   0.07697   0.07417   0.07102   0.06759   0.06396   0.06021   0.05640   0.05260   0.04887   0.04526   0.04182   0.03859   0.03558   0.03283   0.03033
  0.08130   0.08102   0.08019   0.07883   0.07697   0.07467   0.07197   0.06893   0.06564   0.06215   0.05853   0.05487   0.05121   0.04762   0.04415   0.04084   0.03773   0.03484   0.03218   0.02978
  0.07829   0.07803   0.07723   0.07594   0.07417   0.07197   0.06939   0.06650   0.06335   0.06002   0.05657   0.05307   0.04958   0.04616   0.04284   0.03969   0.03672   0.03396   0.03143   0.02913
  0.07492   0.07467   0.07392   0.07269   0.07102   0.06893   0.06650   0.06376   0.06078   0.05763   0.05437   0.05106   0.04775   0.04451   0.04138   0.03839   0.03558   0.03297   0.03058   0.02841
  0.07125   0.07102   0.07031   0.06916   0.06759   0.06564   0.06335   0.06078   0.05799   0.05503   0.05197   0.04887   0.04577   0.04273   0.03979   0.03699   0.03435   0.03190   0.02966   0.02762
  0.06737   0.06715   0.06650   0.06542   0.06396   0.06215   0.06002   0.05763   0.05503   0.05228   0.04944   0.04655   0.04367   0.04084   0.03811   0.03550   0.03305   0.03077   0.02868   0.02679
  0.06335   0.06315   0.06254   0.06156   0.06021   0.05853   0.05657   0.05437   0.05197   0.04944   0.04681   0.04415   0.04149   0.03888   0.03636   0.03396   0.03170   0.02960   0.02767   0.02592
  0.05927   0.05908   0.05853   0.05763   0.05640   0.05487   0.05307   0.05106   0.04887   0.04655   0.04415   0.04171   0.03928   0.03690   0.03459   0.03240   0.03033   0.02841   0.02665   0.02505
  0.05520   0.05503   0.05453   0.05371   0.05260   0.05121   0.04958   0.04775   0.04577   0.04367   0.04149   0.03928   0.03708   0.03492   0.03283   0.03084   0.02896   0.02722   0.02562   0.02417
  0.05121   0.05106   0.05061   0.04987   0.04887   0.04762   0.04616   0.04451   0.04273   0.04084   0.03888   0.03690   0.03492   0.03297   0.03110   0.02930   0.02762   0.02605   0.02462   0.02332
  0.04735   0.04721   0.04681   0.04616   0.04526   0.04415   0.04284   0.04138   0.03979   0.03811   0.03636   0.03459   0.03283   0.03110   0.02942   0.02782   0.02632   0.02493   0.02365   0.02249
  0.04367   0.04355   0.04319   0.04261   0.04182   0.04084   0.03969   0.03839   0.03699   0.03550   0.03396   0.03240   0.03084   0.02930   0.02782   0.02641   0.02509   0.02385   0.02272   0.02170
  0.04020   0.04010   0.03979   0.03928   0.03859   0.03773   0.03672   0.03558   0.03435   0.03305   0.03170   0.03033   0.02896   0.02762   0.02632   0.02509   0.02392   0.02284   0.02185   0.02095
  0.03699   0.03690   0.03663   0.03619   0.03558   0.03484   0.03396   0.03297   0.03190   0.03077   0.02960   0.02841   0.02722   0.02605   0.02493   0.02385   0.02284   0.02190   0.02104   0.02026
  0.03404   0.03396   0.03373   0.03335   0.03283   0.03218   0.03143   0.03058   0.02966   0.02868   0.02767   0.02665   0.02562   0.02462   0.02365   0.02272   0.02185   0.02104   0.02030   0.01963
  0.03136   0.03129   0.03110   0.03077   0.03033   0.02978   0.02913   0.02841   0.02762   0.02679   0.02592   0.02505   0.02417   0.02332   0.02249   0.02170   0.02095   0.02026   0.01963   0.01905
