  0.00972   0.00972   0.00971   0.00969   0.00966   0.00963   0.00959   0.00954   0.00948   0.00941   0.00934   0.00926   0.00917   0.00908   0.00897   0.00886   0.00875   0.00862   0.00849   0.00834
  0.00972   0.00972   0.00970   0.00969   0.00966   0.00962   0.00958   0.00953   0.00948   0.00941   0.00934   0.00926   0.00917   0.00907   0.00897   0.00886   0.00874   0.00862   0.00848   0.00834
  0.00971   0.00970   0.00969   0.00967   0.00965   0.00961   0.00957   0.00952   0.00946   0.00940   0.00933   0.00925   0.00916   0.00906   0.00896   0.00885   0.00873   0.00860   0.00847   0.00833
  0.00969   0.00969   0.00967   0.00965   0.00963   0.00959   0.00955   0.00950   0.00944   0.00938   0.00931   0.00923   0.00914   0.00904   0.00894   0.00883   0.00871   0.00858   0.00845   0.00831
  0.00966   0.00966   0.00965   0.00963   0.00960   0.00957   0.00952   0.00948   0.00942   0.00935   0.00928   0.00920   0.00911   0.00902   0.00891   0.00880   0.00868   0.00856   0.00842   0.00828
  0.00963   0.00962   0.00961   0.00959   0.00957   0.00953   0.00949   0.00944   0.00938   0.00932   0.00925   0.00917   0.00908   0.00898   0.00888   0.00877   0.00865   0.00852   0.00839   0.00825
  0.00959   0.00958   0.00957   0.00955   0.00952   0.00949   0.00945   0.00940   0.00934   0.00928   0.00920   0.00912   0.00904   0.00894   0.00884   0.00873   0.00861   0.00848   0.00835   0.00821
  0.00954   0.00953   0.00952   0.00950   0.00948   0.00944   0.00940   0.00935   0.00929   0.00923   0.00915   0.00907   0.00899   0.00889   0.00879   0.00868   0.00856   0.00843   0.00830   0.00816
  0.00948   0.00948   0.00946   0.00944   0.00942   0.00938   0.00934   0.00929   0.00923   0.00917   0.00910   0.00902   0.00893   0.00883   0.00873   0.00862   0.00850   0.00837   0.00824   0.00810
  0.00941   0.00941   0.00940   0.00938   0.00935   0.00932   0.00928   0.00923   0.00917   0.00910   0.00903   0.00895   0.00886   0.00877   0.00867   0.00855   0.00844   0.00831   0.00818   0.00803
  0.00934   0.00934   0.00933   0.00931   0.00928   0.00925   0.00920   0.00915   0.00910   0.00903   0.00896   0.00888   0.00879   0.00870   0.00859   0.00848   0.00836   0.00824   0.00810   0.00796
  0.00926   0.00926   0.00925   0.00923   0.00920   0.00917   0.00912   0.00907   0.00902   0.00895   0.00888   0.00880   0.00871   0.00862   0.00851   0.00840   0.00828   0.00816   0.00802   0.00788
  0.00917   0.00917   0.00916   0.00914   0.00911   0.00908   0.00904   0.00899   0.00893   0.00886   0.00879   0.00871   0.00862   0.00853   0.00842   0.00831   0.00819   0.00807   0.00794   0.00779
  0.00908   0.00907   0.00906   0.00904   0.00902   0.00898   0.00894   0.00889   0.00883   0.00877   0.00870   0.00862   0.00853   0.00843   0.00833   0.00822   0.00810   0.00797   0.00784   0.00770
  0.00897   0.00897   0.00896   0.00894   0.00891   0.00888   0.00884   0.00879   0.00873   0.00867   0.00859   0.00851   0.00842   0.00833   0.00823   0.00811   0.00800   0.00787   0.00774   0.00760
  0.00886   0.00886   0.00885   0.00883   0.00880   0.00877   0.00873   0.00868   0.00862   0.00855   0.00848   0.00840   0.00831   0.00822   0.00811   0.00800   0.00789   0.00776   0.00763   0.00748
  0.00875   0.00874   0.00873   0.00871   0.00868   0.00865   0.00861   0.00856   0.00850   0.00844   0.00836   0.00828   0.00819   0.00810   0.00800   0.00789   0.00777   0.00764   0.00751   0.00737
  0.00862   0.00862   0.00860   0.00858   0.00856   0.00852   0.00848   0.00843   0.00837   0.00831   0.00824   0.00816   0.00807   0.00797   0.00787   0.00776   0.00764   0.00751   0.00738   0.00724
  0.00849   0.00848   0.00847   0.00845   0.00842   0.00839   0.00835   0.00830   0.00824   0.00818   0.00810   0.00802   0.00794   0.00784   0.00774   0.00763   0.00751   0.00738   0.00725   0.00711
  0.00834   0.00834   0.00833   0.00831   0.00828   0.00825   0.00821   0.00816   0.00810   0.00803   0.00796   0.00788   0.00779   0.00770   0.00760   0.00748   0.00737   0.00724   0.00711   0.00696
