  0.03804   0.03793   0.03762   0.03711   0.03641   0.03555   0.03453   0.03340   0.03216   0.03085   0.02950   0.02813   0.02676   0.02542   0.02413   0.02290   0.02174   0.02067   0.01968   0.01879
  0.03793   0.03783   0.03752   0.03701   0.03632   0.03545   0.03444   0.03331   0.03208   0.03078   0.02943   0.02807   0.02671   0.02537   0.02408   0.02286   0.02171   0.02064   0.01966   0.01877
  0.03762   0.03752   0.03721   0.03671   0.03602   0.03517   0.03418   0.03306   0.03184   0.03056   0.02923   0.02788   0.02654   0.02522   0.02395   0.02274   0.02160   0.02055   0.01958   0.01870
  0.03711   0.03701   0.03671   0.03622   0.03555   0.03471   0.03374   0.03265   0.03146   0.03020   0.02890   0.02758   0.02626   0.02497   0.02373   0.02255   0.02143   0.02040   0.01945   0.01860
  0.03641   0.03632   0.03602   0.03555   0.03490   0.03409   0.03314   0.03208   0.03093   0.02971   0.02844   0.02716   0.02589   0.02464   0.02343   0.02228   0.02120   0.02020   0.01928   0.01845
  0.03555   0.03545   0.03517   0.03471   0.03409   0.03331   0.03240   0.03138   0.03027   0.02910   0.02788   0.02665   0.02542   0.02422   0.02306   0.02195   0.02091   0.01995   0.01907   0.01827
  0.03453   0.03444   0.03418   0.03374   0.03314   0.03240   0.03153   0.03056   0.02950   0.02838   0.02722   0.02605   0.02488   0.02373   0.02262   0.02157   0.02058   0.01966   0.01881   0.01805
  0.03340   0.03331   0.03306   0.03265   0.03208   0.03138   0.03056   0.02964   0.02864   0.02758   0.02648   0.02537   0.02427   0.02318   0.02213   0.02114   0.02020   0.01933   0.01853   0.01781
  0.03216   0.03208   0.03184   0.03146   0.03093   0.03027   0.02950   0.02864   0.02770   0.02671   0.02568   0.02464   0.02360   0.02258   0.02160   0.02067   0.01979   0.01897   0.01823   0.01755
  0.03085   0.03078   0.03056   0.03020   0.02971   0.02910   0.02838   0.02758   0.02671   0.02578   0.02483   0.02386   0.02290   0.02195   0.02104   0.02017   0.01935   0.01860   0.01790   0.01727
  0.02950   0.02943   0.02923   0.02890   0.02844   0.02788   0.02722   0.02648   0.02568   0.02483   0.02395   0.02306   0.02217   0.02130   0.02046   0.01966   0.01890   0.01821   0.01757   0.01699
  0.02813   0.02807   0.02788   0.02758   0.02716   0.02665   0.02605   0.02537   0.02464   0.02386   0.02306   0.02224   0.02143   0.02064   0.01987   0.01914   0.01845   0.01781   0.01723   0.01670
  0.02676   0.02671   0.02654   0.02626   0.02589   0.02542   0.02488   0.02427   0.02360   0.02290   0.02217   0.02143   0.02070   0.01998   0.01928   0.01862   0.01800   0.01742   0.01689   0.01641
  0.02542   0.02537   0.02522   0.02497   0.02464   0.02422   0.02373   0.02318   0.02258   0.02195   0.02130   0.02064   0.01998   0.01933   0.01870   0.01811   0.01755   0.01703   0.01656   0.01613
  0.02413   0.02408   0.02395   0.02373   0.02343   0.02306   0.02262   0.02213   0.02160   0.02104   0.02046   0.01987   0.01928   0.01870   0.01815   0.01762   0.01712   0.01666   0.01624   0.01585
  0.02290   0.02286   0.02274   0.02255   0.02228   0.02195   0.02157   0.02114   0.02067   0.02017   0.01966   0.01914   0.01862   0.01811   0.01762   0.01715   0.01671   0.01630   0.01593   0.01559
  0.02174   0.02171   0.02160   0.02143   0.02120   0.02091   0.02058   0.02020   0.01979   0.01935   0.01890   0.01845   0.01800   0.01755   0.01712   0.01671   0.01633   0.01597   0.01564   0.01535
  0.02067   0.02064   0.02055   0.02040   0.02020   0.01995   0.01966   0.01933   0.01897   0.01860   0.01821   0.01781   0.01742   0.01703   0.01666   0.01630   0.01597   0.01566   0.01538   0.01512
  0.01968   0.01966   0.01958   0.01945   0.01928   0.01907   0.01881   0.01853   0.01823   0.01790   0.01757   0.01723   0.01689   0.01656   0.01624   0.01593   0.01564   0.01538   0.01513   0.01491
  0.01879   0.01877   0.01870   0.01860   0.01845   0.01827   0.01805   0.01781   0.01755   0.01727   0.01699   0.01670   0.01641   0.01613   0.01585   0.01559   0.01535   0.01512   0.01491   0.01473
