  0.14698   0.14659   0.14545   0.14356   0.14099   0.13777   0.13398   0.12969   0.12499   0.11997   0.11472   0.10933   0.10388   0.09847   0.09315   0.08800   0.08307   0.07840   0.07404   0.06999
  0.14659   0.14621   0.14507   0.14319   0.14062   0.13742   0.13364   0.12937   0.12469   0.11968   0.11445   0.10908   0.10366   0.09826   0.09296   0.08783   0.08292   0.07827   0.07392   0.06989
  0.14545   0.14507   0.14394   0.14208   0.13954   0.13637   0.13263   0.12841   0.12378   0.11883   0.11366   0.10835   0.10298   0.09764   0.09240   0.08733   0.08247   0.07787   0.07357   0.06959
  0.14356   0.14319   0.14208   0.14026   0.13777   0.13465   0.13099   0.12684   0.12229   0.11744   0.11236   0.10714   0.10188   0.09663   0.09149   0.08651   0.08174   0.07722   0.07300   0.06909
  0.14099   0.14062   0.13954   0.13777   0.13534   0.13230   0.12873   0.12469   0.12026   0.11552   0.11057   0.10549   0.10036   0.09525   0.09024   0.08538   0.08073   0.07634   0.07222   0.06841
  0.13777   0.13742   0.13637   0.13465   0.13230   0.12937   0.12591   0.12200   0.11771   0.11314   0.10835   0.10343   0.09847   0.09352   0.08868   0.08398   0.07948   0.07523   0.07124   0.06756
  0.13398   0.13364   0.13263   0.13099   0.12873   0.12591   0.12259   0.11883   0.11472   0.11032   0.10573   0.10100   0.09624   0.09149   0.08683   0.08232   0.07800   0.07392   0.07010   0.06656
  0.12969   0.12937   0.12841   0.12684   0.12469   0.12200   0.11883   0.11526   0.11133   0.10714   0.10276   0.09826   0.09371   0.08919   0.08475   0.08045   0.07634   0.07244   0.06880   0.06542
  0.12499   0.12469   0.12378   0.12229   0.12026   0.11771   0.11472   0.11133   0.10762   0.10366   0.09951   0.09525   0.09095   0.08667   0.08247   0.07840   0.07451   0.07082   0.06737   0.06418
  0.11997   0.11968   0.11883   0.11744   0.11552   0.11314   0.11032   0.10714   0.10366   0.09993   0.09604   0.09204   0.08800   0.08398   0.08003   0.07621   0.07255   0.06909   0.06585   0.06285
  0.11472   0.11445   0.11366   0.11236   0.11057   0.10835   0.10573   0.10276   0.09951   0.09604   0.09240   0.08868   0.08491   0.08116   0.07748   0.07392   0.07051   0.06728   0.06426   0.06147
  0.10933   0.10908   0.10835   0.10714   0.10549   0.10343   0.10100   0.09826   0.09525   0.09204   0.08868   0.08522   0.08174   0.07827   0.07486   0.07157   0.06841   0.06542   0.06263   0.06004
  0.10388   0.10366   0.10298   0.10188   0.10036   0.09847   0.09624   0.09371   0.09095   0.08800   0.08491   0.08174   0.07853   0.07535   0.07222   0.06919   0.06629   0.06355   0.06098   0.05860
  0.09847   0.09826   0.09764   0.09663   0.09525   0.09352   0.09149   0.08919   0.08667   0.08398   0.08116   0.07827   0.07535   0.07244   0.06959   0.06683   0.06418   0.06168   0.05934   0.05717
  0.09315   0.09296   0.09240   0.09149   0.09024   0.08868   0.08683   0.08475   0.08247   0.08003   0.07748   0.07486   0.07222   0.06959   0.06701   0.06450   0.06211   0.05984   0.05772   0.05576
  0.08800   0.08783   0.08733   0.08651   0.08538   0.08398   0.08232   0.08045   0.07840   0.07621   0.07392   0.07157   0.06919   0.06683   0.06450   0.06226   0.06011   0.05807   0.05616   0.05440
  0.08307   0.08292   0.08247   0.08174   0.08073   0.07948   0.07800   0.07634   0.07451   0.07255   0.07051   0.06841   0.06629   0.06418   0.06211   0.06011   0.05819   0.05637   0.05467   0.05310
  0.07840   0.07827   0.07787   0.07722   0.07634   0.07523   0.07392   0.07244   0.07082   0.06909   0.06728   0.06542   0.06355   0.06168   0.05984   0.05807   0.05637   0.05476   0.05326   0.05186
  0.07404   0.07392   0.07357   0.07300   0.07222   0.07124   0.07010   0.06880   0.06737   0.06585   0.06426   0.06263   0.06098   0.05934   0.05772   0.05616   0.05467   0.05326   0.05193   0.05071
  0.06999   0.06989   0.06959   0.06909   0.06841   0.06756   0.06656   0.06542   0.06418   0.06285   0.06147   0.06004   0.05860   0.05717   0.05576   0.05440   0.05310   0.05186   0.05071   0.04964
