  0.03499   0.03497   0.03493   0.03486   0.03477   0.03464   0.03449   0.03431   0.03411   0.03387   0.03361   0.03332   0.03301   0.03266   0.03229   0.03189   0.03147   0.03101   0.03053   0.03002
  0.03497   0.03496   0.03492   0.03485   0.03475   0.03463   0.03448   0.03430   0.03409   0.03386   0.03360   0.03331   0.03299   0.03265   0.03228   0.03188   0.03145   0.03100   0.03052   0.03001
  0.03493   0.03492   0.03488   0.03481   0.03471   0.03459   0.03444   0.03426   0.03405   0.03382   0.03356   0.03327   0.03295   0.03261   0.03224   0.03184   0.03141   0.03096   0.03048   0.02997
  0.03486   0.03485   0.03481   0.03474   0.03464   0.03452   0.03437   0.03419   0.03398   0.03375   0.03349   0.03320   0.03288   0.03254   0.03217   0.03177   0.03134   0.03089   0.03041   0.02990
  0.03477   0.03475   0.03471   0.03464   0.03455   0.03442   0.03427   0.03409   0.03389   0.03365   0.03339   0.03310   0.03279   0.03244   0.03207   0.03167   0.03125   0.03079   0.03031   0.02980
  0.03464   0.03463   0.03459   0.03452   0.03442   0.03430   0.03415   0.03397   0.03376   0.03353   0.03327   0.03298   0.03266   0.03232   0.03195   0.03155   0.03112   0.03067   0.03019   0.02968
  0.03449   0.03448   0.03444   0.03437   0.03427   0.03415   0.03400   0.03382   0.03361   0.03338   0.03312   0.03283   0.03251   0.03217   0.03180   0.03140   0.03097   0.03052   0.03004   0.02953
  0.03431   0.03430   0.03426   0.03419   0.03409   0.03397   0.03382   0.03364   0.03343   0.03320   0.03294   0.03265   0.03233   0.03199   0.03162   0.03122   0.03079   0.03034   0.02986   0.02935
  0.03411   0.03409   0.03405   0.03398   0.03389   0.03376   0.03361   0.03343   0.03323   0.03299   0.03273   0.03244   0.03213   0.03178   0.03141   0.03101   0.03059   0.03013   0.02965   0.02914
  0.03387   0.03386   0.03382   0.03375   0.03365   0.03353   0.03338   0.03320   0.03299   0.03276   0.03250   0.03221   0.03189   0.03155   0.03118   0.03078   0.03035   0.02990   0.02942   0.02891
  0.03361   0.03360   0.03356   0.03349   0.03339   0.03327   0.03312   0.03294   0.03273   0.03250   0.03224   0.03195   0.03163   0.03129   0.03092   0.03052   0.03009   0.02964   0.02916   0.02865
  0.03332   0.03331   0.03327   0.03320   0.03310   0.03298   0.03283   0.03265   0.03244   0.03221   0.03195   0.03166   0.03134   0.03100   0.03063   0.03023   0.02980   0.02935   0.02887   0.02836
  0.03301   0.03299   0.03295   0.03288   0.03279   0.03266   0.03251   0.03233   0.03213   0.03189   0.03163   0.03134   0.03103   0.03068   0.03031   0.02991   0.02949   0.02903   0.02855   0.02804
  0.03266   0.03265   0.03261   0.03254   0.03244   0.03232   0.03217   0.03199   0.03178   0.03155   0.03129   0.03100   0.03068   0.03034   0.02997   0.02957   0.02914   0.02869   0.02821   0.02770
  0.03229   0.03228   0.03224   0.03217   0.03207   0.03195   0.03180   0.03162   0.03141   0.03118   0.03092   0.03063   0.03031   0.02997   0.02960   0.02920   0.02877   0.02832   0.02784   0.02733
  0.03189   0.03188   0.03184   0.03177   0.03167   0.03155   0.03140   0.03122   0.03101   0.03078   0.03052   0.03023   0.02991   0.02957   0.02920   0.02880   0.02837   0.02792   0.02744   0.02693
  0.03147   0.03145   0.03141   0.03134   0.03125   0.03112   0.03097   0.03079   0.03059   0.03035   0.03009   0.02980   0.02949   0.02914   0.02877   0.02837   0.02795   0.02749   0.02701   0.02650
  0.03101   0.03100   0.03096   0.03089   0.03079   0.03067   0.03052   0.03034   0.03013   0.02990   0.02964   0.02935   0.02903   0.02869   0.02832   0.02792   0.02749   0.02704   0.02656   0.02605
  0.03053   0.03052   0.03048   0.03041   0.03031   0.03019   0.03004   0.02986   0.02965   0.02942   0.02916   0.02887   0.02855   0.02821   0.02784   0.02744   0.02701   0.02656   0.02608   0.02557
  0.03002   0.03001   0.02997   0.02990   0.02980   0.02968   0.02953   0.02935   0.02914   0.02891   0.02865   0.02836   0.02804   0.02770   0.02733   0.02693   0.02650   0.02605   0.02557   0.02506
