  0.18980   0.18923   0.18752   0.18473   0.18091   0.17617   0.17061   0.16437   0.15757   0.15038   0.14292   0.13535   0.12779   0.12036   0.11317   0.10631   0.09984   0.09383   0.08830   0.08328
  0.18923   0.18866   0.18696   0.18417   0.18037   0.17565   0.17012   0.16390   0.15714   0.14997   0.14255   0.13501   0.12748   0.12008   0.11292   0.10609   0.09965   0.09366   0.08816   0.08316
  0.18752   0.18696   0.18528   0.18253   0.17878   0.17412   0.16865   0.16251   0.15583   0.14876   0.14143   0.13398   0.12655   0.11924   0.11217   0.10543   0.09907   0.09316   0.08772   0.08278
  0.18473   0.18417   0.18253   0.17984   0.17617   0.17160   0.16625   0.16024   0.15370   0.14677   0.13959   0.13230   0.12502   0.11787   0.11095   0.10434   0.09812   0.09233   0.08701   0.08217
  0.18091   0.18037   0.17878   0.17617   0.17260   0.16817   0.16297   0.15714   0.15079   0.14406   0.13709   0.13001   0.12294   0.11600   0.10928   0.10287   0.09682   0.09120   0.08603   0.08134
  0.17617   0.17565   0.17412   0.17160   0.16817   0.16390   0.15890   0.15328   0.14717   0.14069   0.13398   0.12717   0.12036   0.11368   0.10721   0.10103   0.09521   0.08980   0.08482   0.08031
  0.17061   0.17012   0.16865   0.16625   0.16297   0.15890   0.15412   0.14876   0.14292   0.13674   0.13034   0.12383   0.11733   0.11095   0.10477   0.09888   0.09332   0.08816   0.08341   0.07909
  0.16437   0.16390   0.16251   0.16024   0.15714   0.15328   0.14876   0.14368   0.13816   0.13230   0.12624   0.12008   0.11393   0.10789   0.10204   0.09646   0.09120   0.08631   0.08181   0.07773
  0.15757   0.15714   0.15583   0.15370   0.15079   0.14717   0.14292   0.13816   0.13297   0.12748   0.12178   0.11600   0.11023   0.10456   0.09907   0.09383   0.08889   0.08430   0.08008   0.07625
  0.15038   0.14997   0.14876   0.14677   0.14406   0.14069   0.13674   0.13230   0.12748   0.12236   0.11706   0.11168   0.10631   0.10103   0.09592   0.09104   0.08645   0.08217   0.07825   0.07468
  0.14292   0.14255   0.14143   0.13959   0.13709   0.13398   0.13034   0.12624   0.12178   0.11706   0.11217   0.10721   0.10225   0.09737   0.09266   0.08816   0.08391   0.07997   0.07634   0.07305
  0.13535   0.13501   0.13398   0.13230   0.13001   0.12717   0.12383   0.12008   0.11600   0.11168   0.10721   0.10266   0.09812   0.09366   0.08934   0.08522   0.08134   0.07773   0.07441   0.07140
  0.12779   0.12748   0.12655   0.12502   0.12294   0.12036   0.11733   0.11393   0.11023   0.10631   0.10225   0.09812   0.09400   0.08995   0.08603   0.08229   0.07877   0.07550   0.07248   0.06975
  0.12036   0.12008   0.11924   0.11787   0.11600   0.11368   0.11095   0.10789   0.10456   0.10103   0.09737   0.09366   0.08995   0.08631   0.08278   0.07942   0.07625   0.07330   0.07059   0.06813
  0.11317   0.11292   0.11217   0.11095   0.10928   0.10721   0.10477   0.10204   0.09907   0.09592   0.09266   0.08934   0.08603   0.08278   0.07964   0.07663   0.07381   0.07117   0.06875   0.06656
  0.10631   0.10609   0.10543   0.10434   0.10287   0.10103   0.09888   0.09646   0.09383   0.09104   0.08816   0.08522   0.08229   0.07942   0.07663   0.07398   0.07147   0.06914   0.06700   0.06506
  0.09984   0.09965   0.09907   0.09812   0.09682   0.09521   0.09332   0.09120   0.08889   0.08645   0.08391   0.08134   0.07877   0.07625   0.07381   0.07147   0.06928   0.06723   0.06535   0.06365
  0.09383   0.09366   0.09316   0.09233   0.09120   0.08980   0.08816   0.08631   0.08430   0.08217   0.07997   0.07773   0.07550   0.07330   0.07117   0.06914   0.06723   0.06545   0.06382   0.06234
  0.08830   0.08816   0.08772   0.08701   0.08603   0.08482   0.08341   0.08181   0.08008   0.07825   0.07634   0.07441   0.07248   0.07059   0.06875   0.06700   0.06535   0.06382   0.06241   0.06113
  0.08328   0.08316   0.08278   0.08217   0.08134   0.08031   0.07909   0.07773   0.07625   0.07468   0.07305   0.07140   0.06975   0.06813   0.06656   0.06506   0.06365   0.06234   0.06113   0.06003
