  0.00390   0.00390   0.00387   0.00384   0.00378   0.00372   0.00363   0.00354   0.00343   0.00331   0.00318   0.00304   0.00290   0.00274   0.00257   0.00240   0.00223   0.00205   0.00187   0.00169
  0.00390   0.00389   0.00387   0.00383   0.00378   0.00371   0.00363   0.00353   0.00343   0.00331   0.00318   0.00304   0.00289   0.00273   0.00257   0.00240   0.00222   0.00205   0.00186   0.00168
  0.00387   0.00387   0.00384   0.00381   0.00375   0.00369   0.00360   0.00351   0.00340   0.00329   0.00316   0.00302   0.00287   0.00271   0.00255   0.00238   0.00221   0.00203   0.00185   0.00167
  0.00384   0.00383   0.00381   0.00377   0.00372   0.00365   0.00357   0.00348   0.00337   0.00325   0.00312   0.00299   0.00284   0.00268   0.00252   0.00235   0.00218   0.00200   0.00182   0.00164
  0.00378   0.00378   0.00375   0.00372   0.00366   0.00360   0.00352   0.00343   0.00332   0.00320   0.00308   0.00294   0.00279   0.00264   0.00248   0.00231   0.00214   0.00197   0.00179   0.00161
  0.00372   0.00371   0.00369   0.00365   0.00360   0.00353   0.00345   0.00336   0.00326   0.00314   0.00302   0.00288   0.00274   0.00259   0.00243   0.00226   0.00209   0.00192   0.00174   0.00157
  0.00363   0.00363   0.00360   0.00357   0.00352   0.00345   0.00338   0.00329   0.00318   0.00307   0.00295   0.00281   0.00267   0.00252   0.00236   0.00220   0.00203   0.00186   0.00169   0.00152
  0.00354   0.00353   0.00351   0.00348   0.00343   0.00336   0.00329   0.00320   0.00310   0.00299   0.00286   0.00273   0.00259   0.00244   0.00229   0.00213   0.00197   0.00180   0.00163   0.00146
  0.00343   0.00343   0.00340   0.00337   0.00332   0.00326   0.00318   0.00310   0.00300   0.00289   0.00277   0.00264   0.00250   0.00236   0.00221   0.00205   0.00189   0.00172   0.00156   0.00139
  0.00331   0.00331   0.00329   0.00325   0.00320   0.00314   0.00307   0.00299   0.00289   0.00278   0.00266   0.00254   0.00240   0.00226   0.00211   0.00196   0.00180   0.00164   0.00148   0.00131
  0.00318   0.00318   0.00316   0.00312   0.00308   0.00302   0.00295   0.00286   0.00277   0.00266   0.00255   0.00243   0.00230   0.00216   0.00201   0.00186   0.00171   0.00155   0.00139   0.00123
  0.00304   0.00304   0.00302   0.00299   0.00294   0.00288   0.00281   0.00273   0.00264   0.00254   0.00243   0.00231   0.00218   0.00205   0.00190   0.00176   0.00161   0.00146   0.00130   0.00114
  0.00290   0.00289   0.00287   0.00284   0.00279   0.00274   0.00267   0.00259   0.00250   0.00240   0.00230   0.00218   0.00206   0.00192   0.00179   0.00165   0.00150   0.00135   0.00120   0.00105
  0.00274   0.00273   0.00271   0.00268   0.00264   0.00259   0.00252   0.00244   0.00236   0.00226   0.00216   0.00205   0.00192   0.00180   0.00167   0.00153   0.00139   0.00124   0.00110   0.00095
  0.00257   0.00257   0.00255   0.00252   0.00248   0.00243   0.00236   0.00229   0.00221   0.00211   0.00201   0.00190   0.00179   0.00167   0.00154   0.00141   0.00127   0.00113   0.00099   0.00085
  0.00240   0.00240   0.00238   0.00235   0.00231   0.00226   0.00220   0.00213   0.00205   0.00196   0.00186   0.00176   0.00165   0.00153   0.00141   0.00128   0.00115   0.00101   0.00088   0.00074
  0.00223   0.00222   0.00221   0.00218   0.00214   0.00209   0.00203   0.00197   0.00189   0.00180   0.00171   0.00161   0.00150   0.00139   0.00127   0.00115   0.00102   0.00089   0.00076   0.00063
  0.00205   0.00205   0.00203   0.00200   0.00197   0.00192   0.00186   0.00180   0.00172   0.00164   0.00155   0.00146   0.00135   0.00124   0.00113   0.00101   0.00089   0.00077   0.00064   0.00052
  0.00187   0.00186   0.00185   0.00182   0.00179   0.00174   0.00169   0.00163   0.00156   0.00148   0.00139   0.00130   0.00120   0.00110   0.00099   0.00088   0.00076   0.00064   0.00052   0.00040
  0.00169   0.00168   0.00167   0.00164   0.00161   0.00157   0.00152   0.00146   0.00139   0.00131   0.00123   0.00114   0.00105   0.00095   0.00085   0.00074   0.00063   0.00052   0.00040   0.00029
