  0.09801   0.09771   0.09683   0.09539   0.09342   0.09097   0.08810   0.08487   0.08136   0.07765   0.07380   0.06989   0.06598   0.06215   0.05843   0.05489   0.05155   0.04845   0.04559   0.04300
  0.09771   0.09742   0.09654   0.09510   0.09314   0.09070   0.08784   0.08463   0.08114   0.07744   0.07360   0.06971   0.06582   0.06200   0.05830   0.05477   0.05145   0.04836   0.04552   0.04294
  0.09683   0.09654   0.09567   0.09425   0.09232   0.08991   0.08709   0.08391   0.08047   0.07681   0.07303   0.06918   0.06534   0.06157   0.05792   0.05443   0.05115   0.04810   0.04529   0.04274
  0.09539   0.09510   0.09425   0.09286   0.09097   0.08861   0.08585   0.08274   0.07936   0.07579   0.07208   0.06831   0.06455   0.06086   0.05729   0.05388   0.05066   0.04767   0.04492   0.04243
  0.09342   0.09314   0.09232   0.09097   0.08912   0.08684   0.08415   0.08114   0.07786   0.07439   0.07079   0.06713   0.06348   0.05990   0.05642   0.05311   0.04999   0.04709   0.04442   0.04200
  0.09097   0.09070   0.08991   0.08861   0.08684   0.08463   0.08205   0.07915   0.07599   0.07264   0.06918   0.06566   0.06215   0.05869   0.05535   0.05216   0.04916   0.04637   0.04380   0.04146
  0.08810   0.08784   0.08709   0.08585   0.08415   0.08205   0.07958   0.07681   0.07380   0.07060   0.06730   0.06394   0.06058   0.05729   0.05410   0.05105   0.04818   0.04552   0.04307   0.04084
  0.08487   0.08463   0.08391   0.08274   0.08114   0.07915   0.07681   0.07419   0.07134   0.06831   0.06518   0.06200   0.05883   0.05571   0.05269   0.04980   0.04709   0.04456   0.04224   0.04013
  0.08136   0.08114   0.08047   0.07936   0.07786   0.07599   0.07380   0.07134   0.06866   0.06582   0.06288   0.05990   0.05691   0.05399   0.05115   0.04845   0.04590   0.04353   0.04135   0.03937
  0.07765   0.07744   0.07681   0.07579   0.07439   0.07264   0.07060   0.06831   0.06582   0.06318   0.06044   0.05766   0.05489   0.05216   0.04953   0.04701   0.04464   0.04243   0.04040   0.03856
  0.07380   0.07360   0.07303   0.07208   0.07079   0.06918   0.06730   0.06518   0.06288   0.06044   0.05792   0.05535   0.05279   0.05028   0.04784   0.04552   0.04333   0.04129   0.03942   0.03772
  0.06989   0.06971   0.06918   0.06831   0.06713   0.06566   0.06394   0.06200   0.05990   0.05766   0.05535   0.05301   0.05066   0.04836   0.04613   0.04400   0.04200   0.04013   0.03842   0.03687
  0.06598   0.06582   0.06534   0.06455   0.06348   0.06215   0.06058   0.05883   0.05691   0.05489   0.05279   0.05066   0.04853   0.04644   0.04442   0.04249   0.04067   0.03898   0.03743   0.03601
  0.06215   0.06200   0.06157   0.06086   0.05990   0.05869   0.05729   0.05571   0.05399   0.05216   0.05028   0.04836   0.04644   0.04456   0.04274   0.04101   0.03937   0.03785   0.03645   0.03518
  0.05843   0.05830   0.05792   0.05729   0.05642   0.05535   0.05410   0.05269   0.05115   0.04953   0.04784   0.04613   0.04442   0.04274   0.04112   0.03957   0.03811   0.03675   0.03550   0.03437
  0.05489   0.05477   0.05443   0.05388   0.05311   0.05216   0.05105   0.04980   0.04845   0.04701   0.04552   0.04400   0.04249   0.04101   0.03957   0.03820   0.03690   0.03570   0.03460   0.03359
  0.05155   0.05145   0.05115   0.05066   0.04999   0.04916   0.04818   0.04709   0.04590   0.04464   0.04333   0.04200   0.04067   0.03937   0.03811   0.03690   0.03577   0.03472   0.03375   0.03287
  0.04845   0.04836   0.04810   0.04767   0.04709   0.04637   0.04552   0.04456   0.04353   0.04243   0.04129   0.04013   0.03898   0.03785   0.03675   0.03570   0.03472   0.03380   0.03295   0.03219
  0.04559   0.04552   0.04529   0.04492   0.04442   0.04380   0.04307   0.04224   0.04135   0.04040   0.03942   0.03842   0.03743   0.03645   0.03550   0.03460   0.03375   0.03295   0.03223   0.03157
  0.04300   0.04294   0.04274   0.04243   0.04200   0.04146   0.04084   0.04013   0.03937   0.03856   0.03772   0.03687   0.03601   0.03518   0.03437   0.03359   0.03287   0.03219   0.03157   0.03100
