  0.05668   0.05654   0.05609   0.05537   0.05437   0.05313   0.05167   0.05001   0.04820   0.04626   0.04424   0.04216   0.04006   0.03797   0.03592   0.03393   0.03203   0.03023   0.02855   0.02699
  0.05654   0.05639   0.05595   0.05522   0.05423   0.05299   0.05154   0.04989   0.04808   0.04615   0.04414   0.04206   0.03997   0.03789   0.03585   0.03387   0.03197   0.03018   0.02850   0.02695
  0.05609   0.05595   0.05551   0.05479   0.05381   0.05259   0.05115   0.04952   0.04773   0.04583   0.04383   0.04178   0.03971   0.03765   0.03563   0.03367   0.03180   0.03003   0.02837   0.02683
  0.05537   0.05522   0.05479   0.05409   0.05313   0.05193   0.05051   0.04891   0.04716   0.04529   0.04333   0.04132   0.03929   0.03726   0.03528   0.03336   0.03152   0.02978   0.02815   0.02664
  0.05437   0.05423   0.05381   0.05313   0.05219   0.05102   0.04964   0.04808   0.04638   0.04455   0.04264   0.04068   0.03870   0.03673   0.03480   0.03292   0.03113   0.02944   0.02785   0.02638
  0.05313   0.05299   0.05259   0.05193   0.05102   0.04989   0.04856   0.04705   0.04539   0.04363   0.04178   0.03989   0.03797   0.03606   0.03419   0.03238   0.03065   0.02901   0.02747   0.02605
  0.05167   0.05154   0.05115   0.05051   0.04964   0.04856   0.04727   0.04583   0.04424   0.04254   0.04077   0.03895   0.03711   0.03528   0.03348   0.03174   0.03008   0.02850   0.02703   0.02566
  0.05001   0.04989   0.04952   0.04891   0.04808   0.04705   0.04583   0.04445   0.04293   0.04132   0.03963   0.03789   0.03614   0.03439   0.03268   0.03102   0.02944   0.02793   0.02653   0.02523
  0.04820   0.04808   0.04773   0.04716   0.04638   0.04539   0.04424   0.04293   0.04150   0.03997   0.03837   0.03673   0.03507   0.03342   0.03180   0.03023   0.02873   0.02731   0.02598   0.02475
  0.04626   0.04615   0.04583   0.04529   0.04455   0.04363   0.04254   0.04132   0.03997   0.03854   0.03703   0.03549   0.03393   0.03238   0.03086   0.02939   0.02798   0.02664   0.02539   0.02424
  0.04424   0.04414   0.04383   0.04333   0.04264   0.04178   0.04077   0.03963   0.03837   0.03703   0.03563   0.03419   0.03274   0.03130   0.02988   0.02850   0.02719   0.02594   0.02478   0.02370
  0.04216   0.04206   0.04178   0.04132   0.04068   0.03989   0.03895   0.03789   0.03673   0.03549   0.03419   0.03286   0.03152   0.03018   0.02887   0.02760   0.02638   0.02523   0.02415   0.02315
  0.04006   0.03997   0.03971   0.03929   0.03870   0.03797   0.03711   0.03614   0.03507   0.03393   0.03274   0.03152   0.03028   0.02905   0.02785   0.02668   0.02556   0.02450   0.02351   0.02260
  0.03797   0.03789   0.03765   0.03726   0.03673   0.03606   0.03528   0.03439   0.03342   0.03238   0.03130   0.03018   0.02905   0.02793   0.02683   0.02577   0.02475   0.02378   0.02288   0.02205
  0.03592   0.03585   0.03563   0.03528   0.03480   0.03419   0.03348   0.03268   0.03180   0.03086   0.02988   0.02887   0.02785   0.02683   0.02584   0.02487   0.02395   0.02308   0.02226   0.02150
  0.03393   0.03387   0.03367   0.03336   0.03292   0.03238   0.03174   0.03102   0.03023   0.02939   0.02850   0.02760   0.02668   0.02577   0.02487   0.02401   0.02318   0.02239   0.02166   0.02098
  0.03203   0.03197   0.03180   0.03152   0.03113   0.03065   0.03008   0.02944   0.02873   0.02798   0.02719   0.02638   0.02556   0.02475   0.02395   0.02318   0.02244   0.02174   0.02108   0.02048
  0.03023   0.03018   0.03003   0.02978   0.02944   0.02901   0.02850   0.02793   0.02731   0.02664   0.02594   0.02523   0.02450   0.02378   0.02308   0.02239   0.02174   0.02112   0.02054   0.02000
  0.02855   0.02850   0.02837   0.02815   0.02785   0.02747   0.02703   0.02653   0.02598   0.02539   0.02478   0.02415   0.02351   0.02288   0.02226   0.02166   0.02108   0.02054   0.02003   0.01956
  0.02699   0.02695   0.02683   0.02664   0.02638   0.02605   0.02566   0.02523   0.02475   0.02424   0.02370   0.02315   0.02260   0.02205   0.02150   0.02098   0.02048   0.02000   0.01956   0.01914
