  0.21896   0.21820   0.21592   0.21219   0.20712   0.20083   0.19349   0.18527   0.17638   0.16701   0.15737   0.14765   0.13801   0.12863   0.11964   0.11113   0.10321   0.09592   0.08931   0.08338
  0.21820   0.21743   0.21517   0.21146   0.20641   0.20015   0.19284   0.18466   0.17581   0.16649   0.15689   0.14721   0.13762   0.12828   0.11932   0.11086   0.10297   0.09572   0.08913   0.08323
  0.21592   0.21517   0.21293   0.20928   0.20429   0.19812   0.19091   0.18284   0.17411   0.16491   0.15545   0.14590   0.13644   0.12723   0.11840   0.11005   0.10227   0.09511   0.08862   0.08279
  0.21219   0.21146   0.20928   0.20570   0.20083   0.19480   0.18775   0.17986   0.17133   0.16234   0.15309   0.14376   0.13451   0.12551   0.11688   0.10872   0.10111   0.09412   0.08777   0.08208
  0.20712   0.20641   0.20429   0.20083   0.19612   0.19027   0.18344   0.17581   0.16754   0.15884   0.14988   0.14084   0.13189   0.12317   0.11481   0.10690   0.09954   0.09277   0.08662   0.08110
  0.20083   0.20015   0.19812   0.19480   0.19027   0.18466   0.17811   0.17078   0.16285   0.15450   0.14590   0.13722   0.12863   0.12027   0.11224   0.10466   0.09759   0.09109   0.08519   0.07990
  0.19349   0.19284   0.19091   0.18775   0.18344   0.17811   0.17188   0.16491   0.15737   0.14943   0.14125   0.13300   0.12483   0.11688   0.10925   0.10203   0.09531   0.08913   0.08352   0.07849
  0.18527   0.18466   0.18284   0.17986   0.17581   0.17078   0.16491   0.15835   0.15124   0.14376   0.13605   0.12828   0.12058   0.11308   0.10589   0.09910   0.09277   0.08694   0.08166   0.07692
  0.17638   0.17581   0.17411   0.17133   0.16754   0.16285   0.15737   0.15124   0.14461   0.13762   0.13042   0.12317   0.11598   0.10898   0.10227   0.09592   0.09001   0.08457   0.07964   0.07521
  0.16701   0.16649   0.16491   0.16234   0.15884   0.15450   0.14943   0.14376   0.13762   0.13115   0.12450   0.11778   0.11113   0.10466   0.09845   0.09258   0.08711   0.08208   0.07751   0.07342
  0.15737   0.15689   0.15545   0.15309   0.14988   0.14590   0.14125   0.13605   0.13042   0.12450   0.11840   0.11224   0.10615   0.10021   0.09451   0.08913   0.08412   0.07951   0.07532   0.07157
  0.14765   0.14721   0.14590   0.14376   0.14084   0.13722   0.13300   0.12828   0.12317   0.11778   0.11224   0.10665   0.10111   0.09572   0.09055   0.08566   0.08110   0.07692   0.07311   0.06970
  0.13801   0.13762   0.13644   0.13451   0.13189   0.12863   0.12483   0.12058   0.11598   0.11113   0.10615   0.10111   0.09613   0.09127   0.08662   0.08222   0.07812   0.07435   0.07093   0.06786
  0.12863   0.12828   0.12723   0.12551   0.12317   0.12027   0.11688   0.11308   0.10898   0.10466   0.10021   0.09572   0.09127   0.08694   0.08279   0.07887   0.07521   0.07185   0.06879   0.06606
  0.11964   0.11932   0.11840   0.11688   0.11481   0.11224   0.10925   0.10589   0.10227   0.09845   0.09451   0.09055   0.08662   0.08279   0.07912   0.07565   0.07242   0.06945   0.06675   0.06433
  0.11113   0.11086   0.11005   0.10872   0.10690   0.10466   0.10203   0.09910   0.09592   0.09258   0.08913   0.08566   0.08222   0.07887   0.07565   0.07262   0.06979   0.06718   0.06482   0.06270
  0.10321   0.10297   0.10227   0.10111   0.09954   0.09759   0.09531   0.09277   0.09001   0.08711   0.08412   0.08110   0.07812   0.07521   0.07242   0.06979   0.06733   0.06507   0.06302   0.06118
  0.09592   0.09572   0.09511   0.09412   0.09277   0.09109   0.08913   0.08694   0.08457   0.08208   0.07951   0.07692   0.07435   0.07185   0.06945   0.06718   0.06507   0.06313   0.06137   0.05979
  0.08931   0.08913   0.08862   0.08777   0.08662   0.08519   0.08352   0.08166   0.07964   0.07751   0.07532   0.07311   0.07093   0.06879   0.06675   0.06482   0.06302   0.06137   0.05986   0.05852
  0.08338   0.08323   0.08279   0.08208   0.08110   0.07990   0.07849   0.07692   0.07521   0.07342   0.07157   0.06970   0.06786   0.06606   0.06433   0.06270   0.06118   0.05979   0.05852   0.05738
