  0.03032   0.03019   0.02979   0.02914   0.02826   0.02719   0.02595   0.02459   0.02315   0.02166   0.02017   0.01870   0.01729   0.01597   0.01474   0.01363   0.01263   0.01176   0.01100   0.01035
  0.03019   0.03005   0.02966   0.02901   0.02814   0.02707   0.02584   0.02449   0.02305   0.02158   0.02009   0.01864   0.01724   0.01592   0.01470   0.01359   0.01260   0.01173   0.01098   0.01034
  0.02979   0.02966   0.02927   0.02863   0.02778   0.02673   0.02552   0.02419   0.02278   0.02133   0.01987   0.01844   0.01707   0.01577   0.01458   0.01349   0.01252   0.01166   0.01092   0.01029
  0.02914   0.02901   0.02863   0.02802   0.02719   0.02617   0.02500   0.02371   0.02234   0.02093   0.01951   0.01813   0.01679   0.01554   0.01438   0.01332   0.01238   0.01155   0.01083   0.01022
  0.02826   0.02814   0.02778   0.02719   0.02639   0.02541   0.02429   0.02305   0.02174   0.02039   0.01903   0.01770   0.01642   0.01522   0.01410   0.01309   0.01219   0.01139   0.01070   0.01012
  0.02719   0.02707   0.02673   0.02617   0.02541   0.02449   0.02342   0.02225   0.02101   0.01973   0.01844   0.01718   0.01597   0.01483   0.01377   0.01281   0.01196   0.01120   0.01055   0.00999
  0.02595   0.02584   0.02552   0.02500   0.02429   0.02342   0.02243   0.02133   0.02017   0.01897   0.01776   0.01658   0.01545   0.01438   0.01339   0.01249   0.01169   0.01098   0.01037   0.00985
  0.02459   0.02449   0.02419   0.02371   0.02305   0.02225   0.02133   0.02031   0.01924   0.01813   0.01701   0.01592   0.01487   0.01388   0.01297   0.01214   0.01139   0.01074   0.01017   0.00969
  0.02315   0.02305   0.02278   0.02234   0.02174   0.02101   0.02017   0.01924   0.01825   0.01724   0.01622   0.01522   0.01426   0.01335   0.01252   0.01176   0.01108   0.01048   0.00997   0.00952
  0.02166   0.02158   0.02133   0.02093   0.02039   0.01973   0.01897   0.01813   0.01724   0.01632   0.01540   0.01450   0.01363   0.01281   0.01206   0.01137   0.01076   0.01022   0.00975   0.00935
  0.02017   0.02009   0.01987   0.01951   0.01903   0.01844   0.01776   0.01701   0.01622   0.01540   0.01458   0.01377   0.01300   0.01227   0.01159   0.01098   0.01043   0.00995   0.00954   0.00918
  0.01870   0.01864   0.01844   0.01813   0.01770   0.01718   0.01658   0.01592   0.01522   0.01450   0.01377   0.01306   0.01238   0.01173   0.01114   0.01060   0.01012   0.00969   0.00932   0.00901
  0.01729   0.01724   0.01707   0.01679   0.01642   0.01597   0.01545   0.01487   0.01426   0.01363   0.01300   0.01238   0.01178   0.01122   0.01070   0.01023   0.00981   0.00944   0.00912   0.00885
  0.01597   0.01592   0.01577   0.01554   0.01522   0.01483   0.01438   0.01388   0.01335   0.01281   0.01227   0.01173   0.01122   0.01074   0.01029   0.00989   0.00952   0.00921   0.00893   0.00869
  0.01474   0.01470   0.01458   0.01438   0.01410   0.01377   0.01339   0.01297   0.01252   0.01206   0.01159   0.01114   0.01070   0.01029   0.00991   0.00957   0.00926   0.00899   0.00875   0.00855
  0.01363   0.01359   0.01349   0.01332   0.01309   0.01281   0.01249   0.01214   0.01176   0.01137   0.01098   0.01060   0.01023   0.00989   0.00957   0.00928   0.00902   0.00879   0.00859   0.00842
  0.01263   0.01260   0.01252   0.01238   0.01219   0.01196   0.01169   0.01139   0.01108   0.01076   0.01043   0.01012   0.00981   0.00952   0.00926   0.00902   0.00880   0.00861   0.00845   0.00831
  0.01176   0.01173   0.01166   0.01155   0.01139   0.01120   0.01098   0.01074   0.01048   0.01022   0.00995   0.00969   0.00944   0.00921   0.00899   0.00879   0.00861   0.00846   0.00832   0.00821
  0.01100   0.01098   0.01092   0.01083   0.01070   0.01055   0.01037   0.01017   0.00997   0.00975   0.00954   0.00932   0.00912   0.00893   0.00875   0.00859   0.00845   0.00832   0.00821   0.00812
  0.01035   0.01034   0.01029   0.01022   0.01012   0.00999   0.00985   0.00969   0.00952   0.00935   0.00918   0.00901   0.00885   0.00869   0.00855   0.00842   0.00831   0.00821   0.00812   0.00804
