  0.07579   0.07572   0.07551   0.07515   0.07466   0.07403   0.07327   0.07238   0.07137   0.07024   0.06900   0.06766   0.06621   0.06467   0.06306   0.06136   0.05960   0.05778   0.05592   0.05401
  0.07572   0.07565   0.07544   0.07508   0.07459   0.07396   0.07320   0.07232   0.07131   0.07018   0.06894   0.06759   0.06615   0.06461   0.06300   0.06130   0.05955   0.05773   0.05586   0.05395
  0.07551   0.07544   0.07522   0.07487   0.07438   0.07376   0.07300   0.07211   0.07111   0.06998   0.06874   0.06740   0.06596   0.06443   0.06282   0.06113   0.05938   0.05757   0.05571   0.05380
  0.07515   0.07508   0.07487   0.07452   0.07403   0.07341   0.07266   0.07178   0.07077   0.06965   0.06842   0.06709   0.06565   0.06413   0.06253   0.06085   0.05910   0.05730   0.05544   0.05355
  0.07466   0.07459   0.07438   0.07403   0.07355   0.07293   0.07218   0.07131   0.07031   0.06920   0.06797   0.06665   0.06522   0.06371   0.06212   0.06045   0.05871   0.05692   0.05508   0.05320
  0.07403   0.07396   0.07376   0.07341   0.07293   0.07232   0.07157   0.07071   0.06972   0.06861   0.06740   0.06609   0.06467   0.06317   0.06159   0.05994   0.05822   0.05644   0.05462   0.05275
  0.07327   0.07320   0.07300   0.07266   0.07218   0.07157   0.07084   0.06998   0.06900   0.06791   0.06671   0.06541   0.06401   0.06253   0.06096   0.05932   0.05762   0.05586   0.05406   0.05221
  0.07238   0.07232   0.07211   0.07178   0.07131   0.07071   0.06998   0.06913   0.06817   0.06709   0.06590   0.06461   0.06323   0.06177   0.06022   0.05860   0.05692   0.05518   0.05340   0.05158
  0.07137   0.07131   0.07111   0.07077   0.07031   0.06972   0.06900   0.06817   0.06721   0.06615   0.06498   0.06371   0.06235   0.06090   0.05938   0.05778   0.05613   0.05441   0.05265   0.05085
  0.07024   0.07018   0.06998   0.06965   0.06920   0.06861   0.06791   0.06709   0.06615   0.06510   0.06395   0.06270   0.06136   0.05994   0.05844   0.05687   0.05524   0.05355   0.05182   0.05005
  0.06900   0.06894   0.06874   0.06842   0.06797   0.06740   0.06671   0.06590   0.06498   0.06395   0.06282   0.06159   0.06028   0.05888   0.05740   0.05586   0.05426   0.05260   0.05090   0.04916
  0.06766   0.06759   0.06740   0.06709   0.06665   0.06609   0.06541   0.06461   0.06371   0.06270   0.06159   0.06039   0.05910   0.05773   0.05628   0.05477   0.05320   0.05158   0.04991   0.04820
  0.06621   0.06615   0.06596   0.06565   0.06522   0.06467   0.06401   0.06323   0.06235   0.06136   0.06028   0.05910   0.05784   0.05650   0.05508   0.05360   0.05206   0.05047   0.04884   0.04717
  0.06467   0.06461   0.06443   0.06413   0.06371   0.06317   0.06253   0.06177   0.06090   0.05994   0.05888   0.05773   0.05650   0.05518   0.05380   0.05236   0.05085   0.04930   0.04771   0.04607
  0.06306   0.06300   0.06282   0.06253   0.06212   0.06159   0.06096   0.06022   0.05938   0.05844   0.05740   0.05628   0.05508   0.05380   0.05246   0.05105   0.04958   0.04807   0.04651   0.04492
  0.06136   0.06130   0.06113   0.06085   0.06045   0.05994   0.05932   0.05860   0.05778   0.05687   0.05586   0.05477   0.05360   0.05236   0.05105   0.04967   0.04825   0.04677   0.04526   0.04371
  0.05960   0.05955   0.05938   0.05910   0.05871   0.05822   0.05762   0.05692   0.05613   0.05524   0.05426   0.05320   0.05206   0.05085   0.04958   0.04825   0.04686   0.04543   0.04396   0.04246
  0.05778   0.05773   0.05757   0.05730   0.05692   0.05644   0.05586   0.05518   0.05441   0.05355   0.05260   0.05158   0.05047   0.04930   0.04807   0.04677   0.04543   0.04404   0.04262   0.04116
  0.05592   0.05586   0.05571   0.05544   0.05508   0.05462   0.05406   0.05340   0.05265   0.05182   0.05090   0.04991   0.04884   0.04771   0.04651   0.04526   0.04396   0.04262   0.04124   0.03983
  0.05401   0.05395   0.05380   0.05355   0.05320   0.05275   0.05221   0.05158   0.05085   0.05005   0.04916   0.04820   0.04717   0.04607   0.04492   0.04371   0.04246   0.04116   0.03983   0.03846
