  0.02525   0.02522   0.02515   0.02503   0.02487   0.02466   0.02441   0.02411   0.02377   0.02340   0.02298   0.02254   0.02205   0.02154   0.02100   0.02044   0.01985   0.01925   0.01862   0.01799
  0.02522   0.02520   0.02513   0.02501   0.02485   0.02464   0.02438   0.02409   0.02375   0.02338   0.02296   0.02251   0.02203   0.02152   0.02098   0.02042   0.01983   0.01923   0.01861   0.01797
  0.02515   0.02513   0.02506   0.02494   0.02478   0.02457   0.02432   0.02402   0.02369   0.02331   0.02290   0.02245   0.02197   0.02146   0.02092   0.02036   0.01978   0.01917   0.01855   0.01792
  0.02503   0.02501   0.02494   0.02482   0.02466   0.02445   0.02420   0.02391   0.02357   0.02320   0.02279   0.02235   0.02187   0.02136   0.02083   0.02027   0.01969   0.01908   0.01847   0.01784
  0.02487   0.02485   0.02478   0.02466   0.02450   0.02429   0.02404   0.02375   0.02342   0.02305   0.02264   0.02220   0.02173   0.02122   0.02069   0.02013   0.01956   0.01896   0.01835   0.01772
  0.02466   0.02464   0.02457   0.02445   0.02429   0.02409   0.02384   0.02355   0.02322   0.02286   0.02245   0.02201   0.02154   0.02104   0.02052   0.01997   0.01939   0.01880   0.01819   0.01757
  0.02441   0.02438   0.02432   0.02420   0.02404   0.02384   0.02360   0.02331   0.02298   0.02262   0.02222   0.02179   0.02132   0.02083   0.02031   0.01976   0.01919   0.01861   0.01801   0.01739
  0.02411   0.02409   0.02402   0.02391   0.02375   0.02355   0.02331   0.02303   0.02271   0.02235   0.02195   0.02152   0.02106   0.02057   0.02006   0.01952   0.01896   0.01838   0.01779   0.01718
  0.02377   0.02375   0.02369   0.02357   0.02342   0.02322   0.02298   0.02271   0.02239   0.02203   0.02164   0.02122   0.02077   0.02029   0.01978   0.01925   0.01869   0.01812   0.01754   0.01694
  0.02340   0.02338   0.02331   0.02320   0.02305   0.02286   0.02262   0.02235   0.02203   0.02168   0.02130   0.02089   0.02044   0.01997   0.01947   0.01894   0.01840   0.01784   0.01726   0.01667
  0.02298   0.02296   0.02290   0.02279   0.02264   0.02245   0.02222   0.02195   0.02164   0.02130   0.02092   0.02052   0.02008   0.01961   0.01912   0.01861   0.01807   0.01752   0.01695   0.01637
  0.02254   0.02251   0.02245   0.02235   0.02220   0.02201   0.02179   0.02152   0.02122   0.02089   0.02052   0.02012   0.01969   0.01923   0.01875   0.01824   0.01772   0.01718   0.01662   0.01605
  0.02205   0.02203   0.02197   0.02187   0.02173   0.02154   0.02132   0.02106   0.02077   0.02044   0.02008   0.01969   0.01927   0.01882   0.01835   0.01785   0.01734   0.01681   0.01627   0.01571
  0.02154   0.02152   0.02146   0.02136   0.02122   0.02104   0.02083   0.02057   0.02029   0.01997   0.01961   0.01923   0.01882   0.01838   0.01792   0.01744   0.01694   0.01642   0.01589   0.01535
  0.02100   0.02098   0.02092   0.02083   0.02069   0.02052   0.02031   0.02006   0.01978   0.01947   0.01912   0.01875   0.01835   0.01792   0.01747   0.01700   0.01651   0.01601   0.01549   0.01496
  0.02044   0.02042   0.02036   0.02027   0.02013   0.01997   0.01976   0.01952   0.01925   0.01894   0.01861   0.01824   0.01785   0.01744   0.01700   0.01655   0.01607   0.01558   0.01507   0.01456
  0.01985   0.01983   0.01978   0.01969   0.01956   0.01939   0.01919   0.01896   0.01869   0.01840   0.01807   0.01772   0.01734   0.01694   0.01651   0.01607   0.01561   0.01513   0.01464   0.01414
  0.01925   0.01923   0.01917   0.01908   0.01896   0.01880   0.01861   0.01838   0.01812   0.01784   0.01752   0.01718   0.01681   0.01642   0.01601   0.01558   0.01513   0.01467   0.01419   0.01371
  0.01862   0.01861   0.01855   0.01847   0.01835   0.01819   0.01801   0.01779   0.01754   0.01726   0.01695   0.01662   0.01627   0.01589   0.01549   0.01507   0.01464   0.01419   0.01373   0.01326
  0.01799   0.01797   0.01792   0.01784   0.01772   0.01757   0.01739   0.01718   0.01694   0.01667   0.01637   0.01605   0.01571   0.01535   0.01496   0.01456   0.01414   0.01371   0.01326   0.01281
