  0.06554   0.06549   0.06533   0.06505   0.06467   0.06419   0.06361   0.06294   0.06217   0.06132   0.06039   0.05939   0.05833   0.05721   0.05603   0.05482   0.05357   0.05230   0.05100   0.04970
  0.06549   0.06543   0.06527   0.06500   0.06462   0.06414   0.06356   0.06289   0.06212   0.06127   0.06034   0.05935   0.05828   0.05716   0.05599   0.05478   0.05353   0.05226   0.05097   0.04966
  0.06533   0.06527   0.06511   0.06484   0.06446   0.06398   0.06340   0.06273   0.06197   0.06112   0.06020   0.05921   0.05815   0.05703   0.05586   0.05466   0.05341   0.05215   0.05086   0.04956
  0.06505   0.06500   0.06484   0.06457   0.06419   0.06372   0.06314   0.06248   0.06172   0.06088   0.05996   0.05897   0.05792   0.05681   0.05565   0.05445   0.05322   0.05196   0.05068   0.04939
  0.06467   0.06462   0.06446   0.06419   0.06382   0.06335   0.06278   0.06212   0.06137   0.06054   0.05963   0.05865   0.05761   0.05651   0.05536   0.05417   0.05295   0.05170   0.05043   0.04915
  0.06419   0.06414   0.06398   0.06372   0.06335   0.06289   0.06232   0.06167   0.06093   0.06010   0.05921   0.05824   0.05721   0.05612   0.05499   0.05381   0.05260   0.05137   0.05011   0.04885
  0.06361   0.06356   0.06340   0.06314   0.06278   0.06232   0.06177   0.06112   0.06039   0.05958   0.05869   0.05774   0.05672   0.05565   0.05453   0.05338   0.05218   0.05097   0.04973   0.04848
  0.06294   0.06289   0.06273   0.06248   0.06212   0.06167   0.06112   0.06049   0.05977   0.05897   0.05810   0.05716   0.05616   0.05511   0.05401   0.05287   0.05170   0.05050   0.04929   0.04806
  0.06217   0.06212   0.06197   0.06172   0.06137   0.06093   0.06039   0.05977   0.05907   0.05828   0.05743   0.05651   0.05553   0.05449   0.05341   0.05230   0.05115   0.04997   0.04878   0.04758
  0.06132   0.06127   0.06112   0.06088   0.06054   0.06010   0.05958   0.05897   0.05828   0.05752   0.05668   0.05578   0.05482   0.05381   0.05275   0.05166   0.05054   0.04939   0.04822   0.04704
  0.06039   0.06034   0.06020   0.05996   0.05963   0.05921   0.05869   0.05810   0.05743   0.05668   0.05586   0.05499   0.05405   0.05306   0.05203   0.05097   0.04987   0.04875   0.04761   0.04646
  0.05939   0.05935   0.05921   0.05897   0.05865   0.05824   0.05774   0.05716   0.05651   0.05578   0.05499   0.05413   0.05322   0.05226   0.05126   0.05022   0.04915   0.04806   0.04695   0.04583
  0.05833   0.05828   0.05815   0.05792   0.05761   0.05721   0.05672   0.05616   0.05553   0.05482   0.05405   0.05322   0.05233   0.05140   0.05043   0.04942   0.04838   0.04733   0.04625   0.04517
  0.05721   0.05716   0.05703   0.05681   0.05651   0.05612   0.05565   0.05511   0.05449   0.05381   0.05306   0.05226   0.05140   0.05050   0.04956   0.04858   0.04758   0.04655   0.04551   0.04446
  0.05603   0.05599   0.05586   0.05565   0.05536   0.05499   0.05453   0.05401   0.05341   0.05275   0.05203   0.05126   0.05043   0.04956   0.04865   0.04771   0.04674   0.04575   0.04474   0.04373
  0.05482   0.05478   0.05466   0.05445   0.05417   0.05381   0.05338   0.05287   0.05230   0.05166   0.05097   0.05022   0.04942   0.04858   0.04771   0.04680   0.04586   0.04491   0.04394   0.04296
  0.05357   0.05353   0.05341   0.05322   0.05295   0.05260   0.05218   0.05170   0.05115   0.05054   0.04987   0.04915   0.04838   0.04758   0.04674   0.04586   0.04497   0.04405   0.04312   0.04218
  0.05230   0.05226   0.05215   0.05196   0.05170   0.05137   0.05097   0.05050   0.04997   0.04939   0.04875   0.04806   0.04733   0.04655   0.04575   0.04491   0.04405   0.04317   0.04228   0.04138
  0.05100   0.05097   0.05086   0.05068   0.05043   0.05011   0.04973   0.04929   0.04878   0.04822   0.04761   0.04695   0.04625   0.04551   0.04474   0.04394   0.04312   0.04228   0.04143   0.04057
  0.04970   0.04966   0.04956   0.04939   0.04915   0.04885   0.04848   0.04806   0.04758   0.04704   0.04646   0.04583   0.04517   0.04446   0.04373   0.04296   0.04218   0.04138   0.04057   0.03975
