  0.03075   0.03063   0.03027   0.02968   0.02888   0.02789   0.02674   0.02547   0.02411   0.02270   0.02126   0.01982   0.01843   0.01709   0.01583   0.01466   0.01360   0.01264   0.01179   0.01105
  0.03063   0.03051   0.03015   0.02956   0.02876   0.02778   0.02664   0.02538   0.02403   0.02262   0.02119   0.01976   0.01837   0.01704   0.01579   0.01463   0.01357   0.01261   0.01177   0.01103
  0.03027   0.03015   0.02979   0.02922   0.02843   0.02746   0.02634   0.02510   0.02377   0.02238   0.02097   0.01957   0.01820   0.01689   0.01566   0.01452   0.01347   0.01254   0.01171   0.01098
  0.02968   0.02956   0.02922   0.02865   0.02789   0.02695   0.02586   0.02465   0.02335   0.02200   0.02062   0.01926   0.01793   0.01665   0.01545   0.01434   0.01332   0.01241   0.01160   0.01089
  0.02888   0.02876   0.02843   0.02789   0.02715   0.02625   0.02519   0.02403   0.02278   0.02147   0.02015   0.01883   0.01755   0.01632   0.01516   0.01409   0.01311   0.01223   0.01145   0.01077
  0.02789   0.02778   0.02746   0.02695   0.02625   0.02538   0.02438   0.02327   0.02207   0.02083   0.01957   0.01831   0.01709   0.01592   0.01481   0.01379   0.01286   0.01202   0.01128   0.01063
  0.02674   0.02664   0.02634   0.02586   0.02519   0.02438   0.02343   0.02238   0.02126   0.02009   0.01889   0.01771   0.01656   0.01545   0.01441   0.01344   0.01256   0.01177   0.01107   0.01046
  0.02547   0.02538   0.02510   0.02465   0.02403   0.02327   0.02238   0.02140   0.02035   0.01926   0.01815   0.01704   0.01596   0.01493   0.01396   0.01306   0.01223   0.01149   0.01084   0.01027
  0.02411   0.02403   0.02377   0.02335   0.02278   0.02207   0.02126   0.02035   0.01938   0.01837   0.01734   0.01632   0.01533   0.01437   0.01347   0.01264   0.01188   0.01120   0.01059   0.01007
  0.02270   0.02262   0.02238   0.02200   0.02147   0.02083   0.02009   0.01926   0.01837   0.01745   0.01651   0.01557   0.01466   0.01379   0.01297   0.01221   0.01152   0.01089   0.01034   0.00985
  0.02126   0.02119   0.02097   0.02062   0.02015   0.01957   0.01889   0.01815   0.01734   0.01651   0.01566   0.01481   0.01399   0.01320   0.01246   0.01177   0.01114   0.01058   0.01008   0.00964
  0.01982   0.01976   0.01957   0.01926   0.01883   0.01831   0.01771   0.01704   0.01632   0.01557   0.01481   0.01406   0.01332   0.01261   0.01195   0.01133   0.01077   0.01027   0.00982   0.00943
  0.01843   0.01837   0.01820   0.01793   0.01755   0.01709   0.01656   0.01596   0.01533   0.01466   0.01399   0.01332   0.01267   0.01204   0.01145   0.01091   0.01041   0.00996   0.00957   0.00922
  0.01709   0.01704   0.01689   0.01665   0.01632   0.01592   0.01545   0.01493   0.01437   0.01379   0.01320   0.01261   0.01204   0.01149   0.01098   0.01050   0.01007   0.00967   0.00933   0.00902
  0.01583   0.01579   0.01566   0.01545   0.01516   0.01481   0.01441   0.01396   0.01347   0.01297   0.01246   0.01195   0.01145   0.01098   0.01053   0.01012   0.00974   0.00940   0.00910   0.00883
  0.01466   0.01463   0.01452   0.01434   0.01409   0.01379   0.01344   0.01306   0.01264   0.01221   0.01177   0.01133   0.01091   0.01050   0.01012   0.00976   0.00944   0.00915   0.00889   0.00866
  0.01360   0.01357   0.01347   0.01332   0.01311   0.01286   0.01256   0.01223   0.01188   0.01152   0.01114   0.01077   0.01041   0.01007   0.00974   0.00944   0.00916   0.00891   0.00869   0.00850
  0.01264   0.01261   0.01254   0.01241   0.01223   0.01202   0.01177   0.01149   0.01120   0.01089   0.01058   0.01027   0.00996   0.00967   0.00940   0.00915   0.00891   0.00871   0.00852   0.00836
  0.01179   0.01177   0.01171   0.01160   0.01145   0.01128   0.01107   0.01084   0.01059   0.01034   0.01008   0.00982   0.00957   0.00933   0.00910   0.00889   0.00869   0.00852   0.00837   0.00823
  0.01105   0.01103   0.01098   0.01089   0.01077   0.01063   0.01046   0.01027   0.01007   0.00985   0.00964   0.00943   0.00922   0.00902   0.00883   0.00866   0.00850   0.00836   0.00823   0.00812
