  0.14826   0.14788   0.14675   0.14488   0.14233   0.13914   0.13537   0.13110   0.12641   0.12137   0.11609   0.11065   0.10512   0.09959   0.09414   0.08883   0.08372   0.07884   0.07425   0.06997
  0.14788   0.14750   0.14637   0.14452   0.14197   0.13879   0.13504   0.13078   0.12610   0.12109   0.11582   0.11040   0.10489   0.09938   0.09395   0.08866   0.08356   0.07871   0.07413   0.06986
  0.14675   0.14637   0.14525   0.14342   0.14090   0.13775   0.13404   0.12982   0.12520   0.12023   0.11502   0.10965   0.10420   0.09875   0.09338   0.08814   0.08310   0.07829   0.07376   0.06954
  0.14488   0.14452   0.14342   0.14161   0.13914   0.13605   0.13239   0.12825   0.12370   0.11883   0.11371   0.10843   0.10307   0.09772   0.09244   0.08729   0.08233   0.07761   0.07316   0.06901
  0.14233   0.14197   0.14090   0.13914   0.13672   0.13371   0.13014   0.12610   0.12166   0.11690   0.11191   0.10675   0.10153   0.09630   0.09115   0.08612   0.08128   0.07668   0.07233   0.06828
  0.13914   0.13879   0.13775   0.13605   0.13371   0.13078   0.12733   0.12341   0.11911   0.11449   0.10965   0.10466   0.09959   0.09453   0.08953   0.08466   0.07997   0.07551   0.07130   0.06738
  0.13537   0.13504   0.13404   0.13239   0.13014   0.12733   0.12400   0.12023   0.11609   0.11165   0.10699   0.10219   0.09731   0.09244   0.08763   0.08294   0.07843   0.07413   0.07008   0.06630
  0.13110   0.13078   0.12982   0.12825   0.12610   0.12341   0.12023   0.11663   0.11267   0.10843   0.10398   0.09938   0.09472   0.09007   0.08547   0.08099   0.07668   0.07257   0.06870   0.06509
  0.12641   0.12610   0.12520   0.12370   0.12166   0.11911   0.11609   0.11267   0.10892   0.10489   0.10066   0.09630   0.09188   0.08746   0.08310   0.07884   0.07475   0.07085   0.06718   0.06375
  0.12137   0.12109   0.12023   0.11883   0.11690   0.11449   0.11165   0.10843   0.10489   0.10109   0.09711   0.09300   0.08883   0.08466   0.08055   0.07654   0.07269   0.06901   0.06555   0.06232
  0.11609   0.11582   0.11502   0.11371   0.11191   0.10965   0.10699   0.10398   0.10066   0.09711   0.09338   0.08953   0.08563   0.08173   0.07788   0.07413   0.07052   0.06708   0.06384   0.06081
  0.11065   0.11040   0.10965   0.10843   0.10675   0.10466   0.10219   0.09938   0.09630   0.09300   0.08953   0.08596   0.08233   0.07871   0.07513   0.07164   0.06828   0.06509   0.06207   0.05926
  0.10512   0.10489   0.10420   0.10307   0.10153   0.09959   0.09731   0.09472   0.09188   0.08883   0.08563   0.08233   0.07898   0.07564   0.07233   0.06912   0.06602   0.06307   0.06028   0.05769
  0.09959   0.09938   0.09875   0.09772   0.09630   0.09453   0.09244   0.09007   0.08746   0.08466   0.08173   0.07871   0.07564   0.07257   0.06954   0.06659   0.06375   0.06104   0.05849   0.05612
  0.09414   0.09395   0.09338   0.09244   0.09115   0.08953   0.08763   0.08547   0.08310   0.08055   0.07788   0.07513   0.07233   0.06954   0.06679   0.06410   0.06151   0.05905   0.05673   0.05456
  0.08883   0.08866   0.08814   0.08729   0.08612   0.08466   0.08294   0.08099   0.07884   0.07654   0.07413   0.07164   0.06912   0.06659   0.06410   0.06167   0.05933   0.05711   0.05501   0.05305
  0.08372   0.08356   0.08310   0.08233   0.08128   0.07997   0.07843   0.07668   0.07475   0.07269   0.07052   0.06828   0.06602   0.06375   0.06151   0.05933   0.05724   0.05524   0.05335   0.05160
  0.07884   0.07871   0.07829   0.07761   0.07668   0.07551   0.07413   0.07257   0.07085   0.06901   0.06708   0.06509   0.06307   0.06104   0.05905   0.05711   0.05524   0.05345   0.05178   0.05021
  0.07425   0.07413   0.07376   0.07316   0.07233   0.07130   0.07008   0.06870   0.06718   0.06555   0.06384   0.06207   0.06028   0.05849   0.05673   0.05501   0.05335   0.05178   0.05029   0.04890
  0.06997   0.06986   0.06954   0.06901   0.06828   0.06738   0.06630   0.06509   0.06375   0.06232   0.06081   0.05926   0.05769   0.05612   0.05456   0.05305   0.05160   0.05021   0.04890   0.04768
