  0.13664   0.13610   0.13449   0.13187   0.12831   0.12393   0.11884   0.11320   0.10716   0.10086   0.09446   0.08810   0.08189   0.07594   0.07035   0.06516   0.06043   0.05618   0.05241   0.04911
  0.13610   0.13556   0.13396   0.13135   0.12781   0.12345   0.11839   0.11278   0.10677   0.10051   0.09414   0.08781   0.08164   0.07572   0.07016   0.06500   0.06029   0.05606   0.05231   0.04903
  0.13449   0.13396   0.13239   0.12982   0.12634   0.12204   0.11706   0.11154   0.10562   0.09946   0.09319   0.08696   0.08088   0.07506   0.06959   0.06451   0.05988   0.05571   0.05202   0.04879
  0.13187   0.13135   0.12982   0.12732   0.12393   0.11974   0.11490   0.10952   0.10375   0.09775   0.09165   0.08558   0.07966   0.07399   0.06865   0.06371   0.05920   0.05514   0.05154   0.04840
  0.12831   0.12781   0.12634   0.12393   0.12066   0.11663   0.11195   0.10677   0.10121   0.09543   0.08955   0.08370   0.07799   0.07253   0.06739   0.06262   0.05828   0.05437   0.05090   0.04787
  0.12393   0.12345   0.12204   0.11974   0.11663   0.11278   0.10833   0.10338   0.09809   0.09257   0.08696   0.08138   0.07594   0.07074   0.06583   0.06129   0.05714   0.05341   0.05011   0.04722
  0.11884   0.11839   0.11706   0.11490   0.11195   0.10833   0.10412   0.09946   0.09446   0.08925   0.08396   0.07870   0.07357   0.06865   0.06403   0.05974   0.05583   0.05231   0.04919   0.04647
  0.11320   0.11278   0.11154   0.10952   0.10677   0.10338   0.09946   0.09510   0.09044   0.08558   0.08064   0.07572   0.07093   0.06634   0.06202   0.05802   0.05437   0.05108   0.04817   0.04563
  0.10716   0.10677   0.10562   0.10375   0.10121   0.09809   0.09446   0.09044   0.08613   0.08164   0.07707   0.07253   0.06811   0.06387   0.05988   0.05618   0.05280   0.04977   0.04708   0.04473
  0.10086   0.10051   0.09946   0.09775   0.09543   0.09257   0.08925   0.08558   0.08164   0.07753   0.07336   0.06921   0.06516   0.06129   0.05764   0.05426   0.05117   0.04840   0.04594   0.04379
  0.09446   0.09414   0.09319   0.09165   0.08955   0.08696   0.08396   0.08064   0.07707   0.07336   0.06959   0.06583   0.06217   0.05867   0.05537   0.05231   0.04952   0.04701   0.04479   0.04284
  0.08810   0.08781   0.08696   0.08558   0.08370   0.08138   0.07870   0.07572   0.07253   0.06921   0.06583   0.06247   0.05920   0.05606   0.05311   0.05037   0.04787   0.04563   0.04364   0.04190
  0.08189   0.08164   0.08088   0.07966   0.07799   0.07594   0.07357   0.07093   0.06811   0.06516   0.06217   0.05920   0.05630   0.05352   0.05090   0.04848   0.04627   0.04428   0.04252   0.04097
  0.07594   0.07572   0.07506   0.07399   0.07253   0.07074   0.06865   0.06634   0.06387   0.06129   0.05867   0.05606   0.05352   0.05108   0.04879   0.04667   0.04473   0.04299   0.04144   0.04009
  0.07035   0.07016   0.06959   0.06865   0.06739   0.06583   0.06403   0.06202   0.05988   0.05764   0.05537   0.05311   0.05090   0.04879   0.04680   0.04496   0.04328   0.04177   0.04043   0.03926
  0.06516   0.06500   0.06451   0.06371   0.06262   0.06129   0.05974   0.05802   0.05618   0.05426   0.05231   0.05037   0.04848   0.04667   0.04496   0.04338   0.04194   0.04064   0.03949   0.03849
  0.06043   0.06029   0.05988   0.05920   0.05828   0.05714   0.05583   0.05437   0.05280   0.05117   0.04952   0.04787   0.04627   0.04473   0.04328   0.04194   0.04072   0.03962   0.03864   0.03779
  0.05618   0.05606   0.05571   0.05514   0.05437   0.05341   0.05231   0.05108   0.04977   0.04840   0.04701   0.04563   0.04428   0.04299   0.04177   0.04064   0.03962   0.03869   0.03787   0.03715
  0.05241   0.05231   0.05202   0.05154   0.05090   0.05011   0.04919   0.04817   0.04708   0.04594   0.04479   0.04364   0.04252   0.04144   0.04043   0.03949   0.03864   0.03787   0.03719   0.03659
  0.04911   0.04903   0.04879   0.04840   0.04787   0.04722   0.04647   0.04563   0.04473   0.04379   0.04284   0.04190   0.04097   0.04009   0.03926   0.03849   0.03779   0.03715   0.03659   0.03610
