  0.01617   0.01616   0.01612   0.01605   0.01596   0.01584   0.01569   0.01553   0.01534   0.01513   0.01490   0.01465   0.01439   0.01411   0.01383   0.01353   0.01322   0.01290   0.01258   0.01226
  0.01616   0.01614   0.01610   0.01604   0.01594   0.01582   0.01568   0.01552   0.01533   0.01512   0.01489   0.01464   0.01438   0.01410   0.01381   0.01352   0.01321   0.01289   0.01257   0.01225
  0.01612   0.01610   0.01606   0.01600   0.01590   0.01579   0.01564   0.01548   0.01529   0.01508   0.01485   0.01461   0.01435   0.01407   0.01378   0.01349   0.01318   0.01287   0.01255   0.01223
  0.01605   0.01604   0.01600   0.01593   0.01584   0.01572   0.01558   0.01541   0.01523   0.01502   0.01479   0.01455   0.01429   0.01402   0.01373   0.01344   0.01313   0.01282   0.01250   0.01219
  0.01596   0.01594   0.01590   0.01584   0.01575   0.01563   0.01549   0.01533   0.01514   0.01494   0.01471   0.01447   0.01421   0.01394   0.01366   0.01337   0.01306   0.01276   0.01244   0.01213
  0.01584   0.01582   0.01579   0.01572   0.01563   0.01552   0.01538   0.01522   0.01503   0.01483   0.01461   0.01437   0.01411   0.01385   0.01357   0.01328   0.01298   0.01267   0.01236   0.01205
  0.01569   0.01568   0.01564   0.01558   0.01549   0.01538   0.01524   0.01508   0.01490   0.01470   0.01448   0.01425   0.01400   0.01373   0.01346   0.01317   0.01288   0.01257   0.01227   0.01196
  0.01553   0.01552   0.01548   0.01541   0.01533   0.01522   0.01508   0.01492   0.01475   0.01455   0.01434   0.01410   0.01386   0.01360   0.01333   0.01304   0.01276   0.01246   0.01216   0.01186
  0.01534   0.01533   0.01529   0.01523   0.01514   0.01503   0.01490   0.01475   0.01457   0.01438   0.01417   0.01394   0.01370   0.01345   0.01318   0.01290   0.01262   0.01233   0.01204   0.01174
  0.01513   0.01512   0.01508   0.01502   0.01494   0.01483   0.01470   0.01455   0.01438   0.01419   0.01398   0.01376   0.01353   0.01328   0.01302   0.01275   0.01247   0.01219   0.01190   0.01161
  0.01490   0.01489   0.01485   0.01479   0.01471   0.01461   0.01448   0.01434   0.01417   0.01398   0.01378   0.01357   0.01334   0.01309   0.01284   0.01257   0.01230   0.01203   0.01175   0.01146
  0.01465   0.01464   0.01461   0.01455   0.01447   0.01437   0.01425   0.01410   0.01394   0.01376   0.01357   0.01336   0.01313   0.01289   0.01265   0.01239   0.01213   0.01186   0.01158   0.01131
  0.01439   0.01438   0.01435   0.01429   0.01421   0.01411   0.01400   0.01386   0.01370   0.01353   0.01334   0.01313   0.01291   0.01268   0.01244   0.01219   0.01194   0.01168   0.01141   0.01114
  0.01411   0.01410   0.01407   0.01402   0.01394   0.01385   0.01373   0.01360   0.01345   0.01328   0.01309   0.01289   0.01268   0.01246   0.01223   0.01199   0.01174   0.01149   0.01123   0.01097
  0.01383   0.01381   0.01378   0.01373   0.01366   0.01357   0.01346   0.01333   0.01318   0.01302   0.01284   0.01265   0.01244   0.01223   0.01200   0.01177   0.01153   0.01129   0.01104   0.01079
  0.01353   0.01352   0.01349   0.01344   0.01337   0.01328   0.01317   0.01304   0.01290   0.01275   0.01257   0.01239   0.01219   0.01199   0.01177   0.01155   0.01132   0.01108   0.01084   0.01060
  0.01322   0.01321   0.01318   0.01313   0.01306   0.01298   0.01288   0.01276   0.01262   0.01247   0.01230   0.01213   0.01194   0.01174   0.01153   0.01132   0.01109   0.01087   0.01064   0.01041
  0.01290   0.01289   0.01287   0.01282   0.01276   0.01267   0.01257   0.01246   0.01233   0.01219   0.01203   0.01186   0.01168   0.01149   0.01129   0.01108   0.01087   0.01065   0.01043   0.01021
  0.01258   0.01257   0.01255   0.01250   0.01244   0.01236   0.01227   0.01216   0.01204   0.01190   0.01175   0.01158   0.01141   0.01123   0.01104   0.01084   0.01064   0.01043   0.01022   0.01001
  0.01226   0.01225   0.01223   0.01219   0.01213   0.01205   0.01196   0.01186   0.01174   0.01161   0.01146   0.01131   0.01114   0.01097   0.01079   0.01060   0.01041   0.01021   0.01001   0.00981
