  0.30060   0.29983   0.29754   0.29376   0.28859   0.28212   0.27448   0.26582   0.25631   0.24611   0.23540   0.22436   0.21315   0.20195   0.19090   0.18013   0.16976   0.15989   0.15058   0.14190
  0.29983   0.29906   0.29678   0.29302   0.28786   0.28141   0.27380   0.26517   0.25569   0.24552   0.23485   0.22385   0.21269   0.20153   0.19051   0.17978   0.16945   0.15960   0.15033   0.14168
  0.29754   0.29678   0.29451   0.29079   0.28569   0.27931   0.27177   0.26324   0.25385   0.24379   0.23323   0.22234   0.21130   0.20025   0.18935   0.17873   0.16851   0.15876   0.14959   0.14102
  0.29376   0.29302   0.29079   0.28713   0.28212   0.27585   0.26844   0.26005   0.25083   0.24095   0.23057   0.21987   0.20901   0.19815   0.18744   0.17701   0.16696   0.15738   0.14836   0.13995
  0.28859   0.28786   0.28569   0.28212   0.27722   0.27110   0.26388   0.25569   0.24669   0.23704   0.22691   0.21647   0.20587   0.19528   0.18483   0.17464   0.16483   0.15549   0.14669   0.13848
  0.28212   0.28141   0.27931   0.27585   0.27110   0.26517   0.25817   0.25023   0.24151   0.23216   0.22234   0.21222   0.20195   0.19169   0.18156   0.17168   0.16218   0.15312   0.14459   0.13663
  0.27448   0.27380   0.27177   0.26844   0.26388   0.25817   0.25143   0.24379   0.23540   0.22640   0.21695   0.20721   0.19733   0.18744   0.17769   0.16819   0.15904   0.15033   0.14212   0.13446
  0.26582   0.26517   0.26324   0.26005   0.25569   0.25023   0.24379   0.23649   0.22847   0.21987   0.21084   0.20153   0.19208   0.18264   0.17332   0.16424   0.15549   0.14716   0.13931   0.13199
  0.25631   0.25569   0.25385   0.25083   0.24669   0.24151   0.23540   0.22847   0.22085   0.21269   0.20412   0.19528   0.18632   0.17735   0.16851   0.15989   0.15159   0.14368   0.13623   0.12928
  0.24611   0.24552   0.24379   0.24095   0.23704   0.23216   0.22640   0.21987   0.21269   0.20499   0.19691   0.18859   0.18013   0.17168   0.16335   0.15522   0.14740   0.13995   0.13293   0.12638
  0.23540   0.23485   0.23323   0.23057   0.22691   0.22234   0.21695   0.21084   0.20412   0.19691   0.18935   0.18156   0.17365   0.16574   0.15793   0.15033   0.14301   0.13603   0.12946   0.12333
  0.22436   0.22385   0.22234   0.21987   0.21647   0.21222   0.20721   0.20153   0.19528   0.18859   0.18156   0.17431   0.16696   0.15960   0.15235   0.14528   0.13848   0.13199   0.12588   0.12018
  0.21315   0.21269   0.21130   0.20901   0.20587   0.20195   0.19733   0.19208   0.18632   0.18013   0.17365   0.16696   0.16017   0.15338   0.14669   0.14016   0.13388   0.12789   0.12225   0.11699
  0.20195   0.20153   0.20025   0.19815   0.19528   0.19169   0.18744   0.18264   0.17735   0.17168   0.16574   0.15960   0.15338   0.14716   0.14102   0.13504   0.12928   0.12380   0.11863   0.11380
  0.19090   0.19051   0.18935   0.18744   0.18483   0.18156   0.17769   0.17332   0.16851   0.16335   0.15793   0.15235   0.14669   0.14102   0.13544   0.12999   0.12475   0.11975   0.11505   0.11066
  0.18013   0.17978   0.17873   0.17701   0.17464   0.17168   0.16819   0.16424   0.15989   0.15522   0.15033   0.14528   0.14016   0.13504   0.12999   0.12507   0.12033   0.11581   0.11156   0.10759
  0.16976   0.16945   0.16851   0.16696   0.16483   0.16218   0.15904   0.15549   0.15159   0.14740   0.14301   0.13848   0.13388   0.12928   0.12475   0.12033   0.11607   0.11202   0.10820   0.10464
  0.15989   0.15960   0.15876   0.15738   0.15549   0.15312   0.15033   0.14716   0.14368   0.13995   0.13603   0.13199   0.12789   0.12380   0.11975   0.11581   0.11202   0.10841   0.10500   0.10182
  0.15058   0.15033   0.14959   0.14836   0.14669   0.14459   0.14212   0.13931   0.13623   0.13293   0.12946   0.12588   0.12225   0.11863   0.11505   0.11156   0.10820   0.10500   0.10199   0.09917
  0.14190   0.14168   0.14102   0.13995   0.13848   0.13663   0.13446   0.13199   0.12928   0.12638   0.12333   0.12018   0.11699   0.11380   0.11066   0.10759   0.10464   0.10182   0.09917   0.09670
