  0.24806   0.24743   0.24556   0.24249   0.23828   0.23302   0.22681   0.21978   0.21206   0.20380   0.19513   0.18621   0.17718   0.16816   0.15928   0.15065   0.14235   0.13447   0.12706   0.12017
  0.24743   0.24681   0.24494   0.24188   0.23769   0.23244   0.22626   0.21925   0.21156   0.20332   0.19469   0.18580   0.17680   0.16782   0.15897   0.15036   0.14210   0.13424   0.12686   0.11999
  0.24556   0.24494   0.24310   0.24007   0.23592   0.23073   0.22461   0.21768   0.21007   0.20192   0.19338   0.18459   0.17568   0.16679   0.15804   0.14952   0.14134   0.13357   0.12627   0.11947
  0.24249   0.24188   0.24007   0.23709   0.23302   0.22792   0.22191   0.21510   0.20762   0.19962   0.19123   0.18259   0.17384   0.16510   0.15650   0.14814   0.14011   0.13247   0.12530   0.11862
  0.23828   0.23769   0.23592   0.23302   0.22904   0.22407   0.21820   0.21156   0.20427   0.19646   0.18828   0.17985   0.17131   0.16280   0.15441   0.14625   0.13841   0.13097   0.12397   0.11745
  0.23302   0.23244   0.23073   0.22792   0.22407   0.21925   0.21357   0.20714   0.20008   0.19251   0.18459   0.17643   0.16816   0.15991   0.15178   0.14388   0.13629   0.12908   0.12230   0.11600
  0.22681   0.22626   0.22461   0.22191   0.21820   0.21357   0.20811   0.20192   0.19513   0.18786   0.18024   0.17239   0.16444   0.15650   0.14869   0.14110   0.13380   0.12686   0.12034   0.11428
  0.21978   0.21925   0.21768   0.21510   0.21156   0.20714   0.20192   0.19602   0.18953   0.18259   0.17531   0.16782   0.16023   0.15265   0.14519   0.13794   0.13097   0.12434   0.11812   0.11233
  0.21206   0.21156   0.21007   0.20762   0.20427   0.20008   0.19513   0.18953   0.18338   0.17680   0.16990   0.16280   0.15560   0.14842   0.14134   0.13447   0.12786   0.12158   0.11568   0.11019
  0.20380   0.20332   0.20192   0.19962   0.19646   0.19251   0.18786   0.18259   0.17680   0.17060   0.16411   0.15742   0.15065   0.14388   0.13723   0.13075   0.12453   0.11862   0.11307   0.10790
  0.19513   0.19469   0.19338   0.19123   0.18828   0.18459   0.18024   0.17531   0.16990   0.16411   0.15804   0.15178   0.14545   0.13913   0.13291   0.12686   0.12104   0.11552   0.11033   0.10550
  0.18621   0.18580   0.18459   0.18259   0.17985   0.17643   0.17239   0.16782   0.16280   0.15742   0.15178   0.14598   0.14011   0.13424   0.12847   0.12285   0.11745   0.11233   0.10751   0.10303
  0.17718   0.17680   0.17568   0.17384   0.17131   0.16816   0.16444   0.16023   0.15560   0.15065   0.14545   0.14011   0.13469   0.12929   0.12397   0.11879   0.11382   0.10909   0.10465   0.10052
  0.16816   0.16782   0.16679   0.16510   0.16280   0.15991   0.15650   0.15265   0.14842   0.14388   0.13913   0.13424   0.12929   0.12434   0.11947   0.11474   0.11019   0.10587   0.10180   0.09802
  0.15928   0.15897   0.15804   0.15650   0.15441   0.15178   0.14869   0.14519   0.14134   0.13723   0.13291   0.12847   0.12397   0.11947   0.11505   0.11075   0.10661   0.10269   0.09900   0.09556
  0.15065   0.15036   0.14952   0.14814   0.14625   0.14388   0.14110   0.13794   0.13447   0.13075   0.12686   0.12285   0.11879   0.11474   0.11075   0.10687   0.10314   0.09960   0.09627   0.09317
  0.14235   0.14210   0.14134   0.14011   0.13841   0.13629   0.13380   0.13097   0.12786   0.12453   0.12104   0.11745   0.11382   0.11019   0.10661   0.10314   0.09980   0.09663   0.09364   0.09087
  0.13447   0.13424   0.13357   0.13247   0.13097   0.12908   0.12686   0.12434   0.12158   0.11862   0.11552   0.11233   0.10909   0.10587   0.10269   0.09960   0.09663   0.09381   0.09115   0.08869
  0.12706   0.12686   0.12627   0.12530   0.12397   0.12230   0.12034   0.11812   0.11568   0.11307   0.11033   0.10751   0.10465   0.10180   0.09900   0.09627   0.09364   0.09115   0.08881   0.08663
  0.12017   0.11999   0.11947   0.11862   0.11745   0.11600   0.11428   0.11233   0.11019   0.10790   0.10550   0.10303   0.10052   0.09802   0.09556   0.09317   0.09087   0.08869   0.08663   0.08472
