  0.34367   0.34249   0.33899   0.33327   0.32548   0.31583   0.30457   0.29199   0.27839   0.26408   0.24937   0.23457   0.21993   0.20569   0.19208   0.17924   0.16731   0.15636   0.14645   0.13759
  0.34249   0.34132   0.33784   0.33214   0.32439   0.31478   0.30358   0.29105   0.27751   0.26327   0.24864   0.23390   0.21932   0.20516   0.19161   0.17883   0.16695   0.15605   0.14619   0.13737
  0.33899   0.33784   0.33440   0.32879   0.32114   0.31167   0.30062   0.28827   0.27492   0.26087   0.24644   0.23191   0.21754   0.20357   0.19020   0.17760   0.16589   0.15514   0.14542   0.13672
  0.33327   0.33214   0.32879   0.32330   0.31583   0.30657   0.29578   0.28371   0.27067   0.25695   0.24285   0.22865   0.21461   0.20096   0.18791   0.17560   0.16415   0.15365   0.14415   0.13566
  0.32548   0.32439   0.32114   0.31583   0.30860   0.29964   0.28919   0.27751   0.26489   0.25161   0.23796   0.22422   0.21063   0.19742   0.18478   0.17286   0.16179   0.15163   0.14243   0.13421
  0.31583   0.31478   0.31167   0.30657   0.29964   0.29105   0.28103   0.26983   0.25773   0.24499   0.23191   0.21872   0.20569   0.19303   0.18091   0.16948   0.15886   0.14912   0.14030   0.13241
  0.30457   0.30358   0.30062   0.29578   0.28919   0.28103   0.27151   0.26087   0.24937   0.23728   0.22484   0.21232   0.19994   0.18791   0.17639   0.16554   0.15545   0.14619   0.13781   0.13032
  0.29199   0.29105   0.28827   0.28371   0.27751   0.26983   0.26087   0.25086   0.24004   0.22865   0.21694   0.20516   0.19351   0.18218   0.17134   0.16113   0.15163   0.14292   0.13503   0.12798
  0.27839   0.27751   0.27492   0.27067   0.26489   0.25773   0.24937   0.24004   0.22994   0.21932   0.20841   0.19742   0.18655   0.17599   0.16589   0.15636   0.14750   0.13938   0.13202   0.12545
  0.26408   0.26327   0.26087   0.25695   0.25161   0.24499   0.23728   0.22865   0.21932   0.20951   0.19943   0.18928   0.17924   0.16948   0.16015   0.15134   0.14316   0.13566   0.12886   0.12279
  0.24937   0.24864   0.24644   0.24285   0.23796   0.23191   0.22484   0.21694   0.20841   0.19943   0.19020   0.18091   0.17172   0.16279   0.15425   0.14619   0.13870   0.13183   0.12561   0.12005
  0.23457   0.23390   0.23191   0.22865   0.22422   0.21872   0.21232   0.20516   0.19742   0.18928   0.18091   0.17248   0.16415   0.15605   0.14830   0.14100   0.13421   0.12798   0.12234   0.11730
  0.21993   0.21932   0.21754   0.21461   0.21063   0.20569   0.19994   0.19351   0.18655   0.17924   0.17172   0.16415   0.15667   0.14939   0.14243   0.13587   0.12977   0.12417   0.11910   0.11458
  0.20569   0.20516   0.20357   0.20096   0.19742   0.19303   0.18791   0.18218   0.17599   0.16948   0.16279   0.15605   0.14939   0.14292   0.13672   0.13088   0.12545   0.12047   0.11596   0.11193
  0.19208   0.19161   0.19020   0.18791   0.18478   0.18091   0.17639   0.17134   0.16589   0.16015   0.15425   0.14830   0.14243   0.13672   0.13126   0.12611   0.12132   0.11693   0.11295   0.10940
  0.17924   0.17883   0.17760   0.17560   0.17286   0.16948   0.16554   0.16113   0.15636   0.15134   0.14619   0.14100   0.13587   0.13088   0.12611   0.12161   0.11742   0.11359   0.11011   0.10701
  0.16731   0.16695   0.16589   0.16415   0.16179   0.15886   0.15545   0.15163   0.14750   0.14316   0.13870   0.13421   0.12977   0.12545   0.12132   0.11742   0.11380   0.11048   0.10748   0.10479
  0.15636   0.15605   0.15514   0.15365   0.15163   0.14912   0.14619   0.14292   0.13938   0.13566   0.13183   0.12798   0.12417   0.12047   0.11693   0.11359   0.11048   0.10764   0.10506   0.10275
  0.14645   0.14619   0.14542   0.14415   0.14243   0.14030   0.13781   0.13503   0.13202   0.12886   0.12561   0.12234   0.11910   0.11596   0.11295   0.11011   0.10748   0.10506   0.10287   0.10091
  0.13759   0.13737   0.13672   0.13566   0.13421   0.13241   0.13032   0.12798   0.12545   0.12279   0.12005   0.11730   0.11458   0.11193   0.10940   0.10701   0.10479   0.10275   0.10091   0.09926
