  0.09063   0.09040   0.08972   0.08860   0.08706   0.08513   0.08286   0.08029   0.07747   0.07445   0.07129   0.06803   0.06472   0.06143   0.05818   0.05503   0.05200   0.04912   0.04641   0.04389
  0.09040   0.09017   0.08949   0.08837   0.08684   0.08492   0.08266   0.08010   0.07729   0.07428   0.07113   0.06788   0.06459   0.06130   0.05807   0.05493   0.05191   0.04904   0.04634   0.04383
  0.08972   0.08949   0.08882   0.08771   0.08619   0.08430   0.08206   0.07953   0.07675   0.07377   0.07065   0.06743   0.06418   0.06093   0.05773   0.05462   0.05163   0.04879   0.04612   0.04364
  0.08860   0.08837   0.08771   0.08662   0.08513   0.08327   0.08107   0.07858   0.07585   0.07293   0.06986   0.06670   0.06350   0.06031   0.05717   0.05411   0.05118   0.04839   0.04577   0.04333
  0.08706   0.08684   0.08619   0.08513   0.08368   0.08186   0.07972   0.07729   0.07463   0.07177   0.06878   0.06570   0.06258   0.05947   0.05640   0.05342   0.05056   0.04784   0.04528   0.04290
  0.08513   0.08492   0.08430   0.08327   0.08186   0.08010   0.07803   0.07567   0.07309   0.07033   0.06743   0.06445   0.06143   0.05841   0.05545   0.05256   0.04978   0.04715   0.04467   0.04237
  0.08286   0.08266   0.08206   0.08107   0.07972   0.07803   0.07603   0.07377   0.07129   0.06863   0.06584   0.06297   0.06007   0.05717   0.05432   0.05154   0.04887   0.04634   0.04396   0.04174
  0.08029   0.08010   0.07953   0.07858   0.07729   0.07567   0.07377   0.07161   0.06924   0.06670   0.06404   0.06130   0.05853   0.05576   0.05304   0.05038   0.04784   0.04542   0.04314   0.04103
  0.07747   0.07729   0.07675   0.07585   0.07463   0.07309   0.07129   0.06924   0.06699   0.06459   0.06207   0.05947   0.05684   0.05421   0.05163   0.04912   0.04670   0.04441   0.04225   0.04025
  0.07445   0.07428   0.07377   0.07293   0.07177   0.07033   0.06863   0.06670   0.06459   0.06232   0.05995   0.05750   0.05503   0.05256   0.05013   0.04776   0.04549   0.04333   0.04130   0.03941
  0.07129   0.07113   0.07065   0.06986   0.06878   0.06743   0.06584   0.06404   0.06207   0.05995   0.05773   0.05545   0.05313   0.05082   0.04855   0.04634   0.04421   0.04219   0.04030   0.03853
  0.06803   0.06788   0.06743   0.06670   0.06570   0.06445   0.06297   0.06130   0.05947   0.05750   0.05545   0.05333   0.05118   0.04904   0.04692   0.04487   0.04290   0.04103   0.03927   0.03763
  0.06472   0.06459   0.06418   0.06350   0.06258   0.06143   0.06007   0.05853   0.05684   0.05503   0.05313   0.05118   0.04920   0.04722   0.04528   0.04339   0.04157   0.03985   0.03822   0.03672
  0.06143   0.06130   0.06093   0.06031   0.05947   0.05841   0.05717   0.05576   0.05421   0.05256   0.05082   0.04904   0.04722   0.04542   0.04364   0.04191   0.04025   0.03867   0.03718   0.03580
  0.05818   0.05807   0.05773   0.05717   0.05640   0.05545   0.05432   0.05304   0.05163   0.05013   0.04855   0.04692   0.04528   0.04364   0.04202   0.04045   0.03894   0.03751   0.03616   0.03490
  0.05503   0.05493   0.05462   0.05411   0.05342   0.05256   0.05154   0.05038   0.04912   0.04776   0.04634   0.04487   0.04339   0.04191   0.04045   0.03903   0.03767   0.03638   0.03516   0.03403
  0.05200   0.05191   0.05163   0.05118   0.05056   0.04978   0.04887   0.04784   0.04670   0.04549   0.04421   0.04290   0.04157   0.04025   0.03894   0.03767   0.03645   0.03529   0.03420   0.03319
  0.04912   0.04904   0.04879   0.04839   0.04784   0.04715   0.04634   0.04542   0.04441   0.04333   0.04219   0.04103   0.03985   0.03867   0.03751   0.03638   0.03529   0.03426   0.03329   0.03239
  0.04641   0.04634   0.04612   0.04577   0.04528   0.04467   0.04396   0.04314   0.04225   0.04130   0.04030   0.03927   0.03822   0.03718   0.03616   0.03516   0.03420   0.03329   0.03244   0.03164
  0.04389   0.04383   0.04364   0.04333   0.04290   0.04237   0.04174   0.04103   0.04025   0.03941   0.03853   0.03763   0.03672   0.03580   0.03490   0.03403   0.03319   0.03239   0.03164   0.03095
