  0.09306   0.09274   0.09179   0.09024   0.08813   0.08551   0.08246   0.07905   0.07537   0.07149   0.06751   0.06349   0.05953   0.05567   0.05198   0.04851   0.04528   0.04231   0.03963   0.03723
  0.09274   0.09242   0.09148   0.08993   0.08783   0.08523   0.08219   0.07880   0.07513   0.07127   0.06731   0.06331   0.05937   0.05553   0.05186   0.04840   0.04518   0.04223   0.03956   0.03717
  0.09179   0.09148   0.09055   0.08903   0.08695   0.08439   0.08139   0.07805   0.07443   0.07062   0.06671   0.06277   0.05888   0.05510   0.05148   0.04806   0.04489   0.04198   0.03935   0.03700
  0.09024   0.08993   0.08903   0.08754   0.08551   0.08301   0.08008   0.07681   0.07328   0.06956   0.06574   0.06189   0.05809   0.05439   0.05086   0.04752   0.04442   0.04158   0.03901   0.03671
  0.08813   0.08783   0.08695   0.08551   0.08355   0.08113   0.07830   0.07513   0.07171   0.06811   0.06441   0.06069   0.05701   0.05343   0.05001   0.04678   0.04378   0.04103   0.03854   0.03632
  0.08551   0.08523   0.08439   0.08301   0.08113   0.07880   0.07608   0.07305   0.06977   0.06632   0.06277   0.05920   0.05567   0.05224   0.04896   0.04587   0.04299   0.04035   0.03796   0.03583
  0.08246   0.08219   0.08139   0.08008   0.07830   0.07608   0.07351   0.07062   0.06751   0.06423   0.06086   0.05747   0.05411   0.05086   0.04774   0.04480   0.04206   0.03956   0.03729   0.03526
  0.07905   0.07880   0.07805   0.07681   0.07513   0.07305   0.07062   0.06791   0.06498   0.06189   0.05872   0.05553   0.05237   0.04930   0.04637   0.04360   0.04103   0.03867   0.03654   0.03463
  0.07537   0.07513   0.07443   0.07328   0.07171   0.06977   0.06751   0.06498   0.06224   0.05937   0.05641   0.05343   0.05049   0.04763   0.04489   0.04231   0.03991   0.03771   0.03572   0.03394
  0.07149   0.07127   0.07062   0.06956   0.06811   0.06632   0.06423   0.06189   0.05937   0.05671   0.05398   0.05123   0.04851   0.04587   0.04334   0.04095   0.03874   0.03671   0.03487   0.03322
  0.06751   0.06731   0.06671   0.06574   0.06441   0.06277   0.06086   0.05872   0.05641   0.05398   0.05148   0.04896   0.04647   0.04405   0.04174   0.03956   0.03753   0.03567   0.03399   0.03248
  0.06349   0.06331   0.06277   0.06189   0.06069   0.05920   0.05747   0.05553   0.05343   0.05123   0.04896   0.04668   0.04442   0.04223   0.04013   0.03815   0.03632   0.03463   0.03310   0.03174
  0.05953   0.05937   0.05888   0.05809   0.05701   0.05567   0.05411   0.05237   0.05049   0.04851   0.04647   0.04442   0.04240   0.04043   0.03854   0.03676   0.03511   0.03360   0.03223   0.03100
  0.05567   0.05553   0.05510   0.05439   0.05343   0.05224   0.05086   0.04930   0.04763   0.04587   0.04405   0.04223   0.04043   0.03867   0.03700   0.03541   0.03394   0.03260   0.03138   0.03029
  0.05198   0.05186   0.05148   0.05086   0.05001   0.04896   0.04774   0.04637   0.04489   0.04334   0.04174   0.04013   0.03854   0.03700   0.03552   0.03412   0.03283   0.03164   0.03056   0.02960
  0.04851   0.04840   0.04806   0.04752   0.04678   0.04587   0.04480   0.04360   0.04231   0.04095   0.03956   0.03815   0.03676   0.03541   0.03412   0.03290   0.03177   0.03073   0.02979   0.02895
  0.04528   0.04518   0.04489   0.04442   0.04378   0.04299   0.04206   0.04103   0.03991   0.03874   0.03753   0.03632   0.03511   0.03394   0.03283   0.03177   0.03079   0.02989   0.02908   0.02835
  0.04231   0.04223   0.04198   0.04158   0.04103   0.04035   0.03956   0.03867   0.03771   0.03671   0.03567   0.03463   0.03360   0.03260   0.03164   0.03073   0.02989   0.02912   0.02843   0.02780
  0.03963   0.03956   0.03935   0.03901   0.03854   0.03796   0.03729   0.03654   0.03572   0.03487   0.03399   0.03310   0.03223   0.03138   0.03056   0.02979   0.02908   0.02843   0.02784   0.02731
  0.03723   0.03717   0.03700   0.03671   0.03632   0.03583   0.03526   0.03463   0.03394   0.03322   0.03248   0.03174   0.03100   0.03029   0.02960   0.02895   0.02835   0.02780   0.02731   0.02686
