  0.05475   0.05449   0.05369   0.05240   0.05065   0.04850   0.04601   0.04326   0.04032   0.03727   0.03418   0.03113   0.02817   0.02535   0.02272   0.02030   0.01810   0.01615   0.01443   0.01294
  0.05449   0.05422   0.05343   0.05215   0.05041   0.04827   0.04579   0.04305   0.04013   0.03710   0.03403   0.03099   0.02805   0.02525   0.02263   0.02022   0.01804   0.01609   0.01438   0.01290
  0.05369   0.05343   0.05266   0.05139   0.04968   0.04757   0.04514   0.04245   0.03957   0.03659   0.03357   0.03059   0.02769   0.02494   0.02236   0.01999   0.01785   0.01593   0.01425   0.01280
  0.05240   0.05215   0.05139   0.05016   0.04850   0.04645   0.04408   0.04146   0.03867   0.03576   0.03283   0.02993   0.02711   0.02443   0.02193   0.01962   0.01753   0.01567   0.01404   0.01262
  0.05065   0.05041   0.04968   0.04850   0.04690   0.04493   0.04265   0.04013   0.03744   0.03465   0.03182   0.02903   0.02632   0.02375   0.02134   0.01912   0.01711   0.01532   0.01375   0.01239
  0.04850   0.04827   0.04757   0.04645   0.04493   0.04305   0.04088   0.03849   0.03593   0.03327   0.03059   0.02793   0.02535   0.02290   0.02061   0.01850   0.01659   0.01489   0.01339   0.01209
  0.04601   0.04579   0.04514   0.04408   0.04265   0.04088   0.03884   0.03659   0.03418   0.03168   0.02916   0.02666   0.02423   0.02193   0.01977   0.01778   0.01599   0.01438   0.01298   0.01176
  0.04326   0.04305   0.04245   0.04146   0.04013   0.03849   0.03659   0.03449   0.03225   0.02993   0.02758   0.02525   0.02299   0.02085   0.01884   0.01699   0.01532   0.01383   0.01252   0.01138
  0.04032   0.04013   0.03957   0.03867   0.03744   0.03593   0.03418   0.03225   0.03019   0.02805   0.02589   0.02375   0.02167   0.01969   0.01785   0.01615   0.01461   0.01324   0.01203   0.01099
  0.03727   0.03710   0.03659   0.03576   0.03465   0.03327   0.03168   0.02993   0.02805   0.02610   0.02413   0.02219   0.02030   0.01850   0.01682   0.01527   0.01387   0.01262   0.01152   0.01057
  0.03418   0.03403   0.03357   0.03283   0.03182   0.03059   0.02916   0.02758   0.02589   0.02413   0.02236   0.02061   0.01891   0.01729   0.01578   0.01438   0.01312   0.01200   0.01101   0.01016
  0.03113   0.03099   0.03059   0.02993   0.02903   0.02793   0.02666   0.02525   0.02375   0.02219   0.02061   0.01905   0.01753   0.01609   0.01475   0.01351   0.01239   0.01138   0.01051   0.00974
  0.02817   0.02805   0.02769   0.02711   0.02632   0.02535   0.02423   0.02299   0.02167   0.02030   0.01891   0.01753   0.01620   0.01493   0.01375   0.01266   0.01167   0.01079   0.01001   0.00934
  0.02535   0.02525   0.02494   0.02443   0.02375   0.02290   0.02193   0.02085   0.01969   0.01850   0.01729   0.01609   0.01493   0.01383   0.01280   0.01185   0.01099   0.01022   0.00955   0.00896
  0.02272   0.02263   0.02236   0.02193   0.02134   0.02061   0.01977   0.01884   0.01785   0.01682   0.01578   0.01475   0.01375   0.01280   0.01191   0.01109   0.01035   0.00969   0.00911   0.00861
  0.02030   0.02022   0.01999   0.01962   0.01912   0.01850   0.01778   0.01699   0.01615   0.01527   0.01438   0.01351   0.01266   0.01185   0.01109   0.01039   0.00976   0.00920   0.00871   0.00828
  0.01810   0.01804   0.01785   0.01753   0.01711   0.01659   0.01599   0.01532   0.01461   0.01387   0.01312   0.01239   0.01167   0.01099   0.01035   0.00976   0.00923   0.00876   0.00834   0.00798
  0.01615   0.01609   0.01593   0.01567   0.01532   0.01489   0.01438   0.01383   0.01324   0.01262   0.01200   0.01138   0.01079   0.01022   0.00969   0.00920   0.00876   0.00836   0.00802   0.00772
  0.01443   0.01438   0.01425   0.01404   0.01375   0.01339   0.01298   0.01252   0.01203   0.01152   0.01101   0.01051   0.01001   0.00955   0.00911   0.00871   0.00834   0.00802   0.00773   0.00749
  0.01294   0.01290   0.01280   0.01262   0.01239   0.01209   0.01176   0.01138   0.01099   0.01057   0.01016   0.00974   0.00934   0.00896   0.00861   0.00828   0.00798   0.00772   0.00749   0.00728
