  0.07406   0.07375   0.07284   0.07134   0.06931   0.06678   0.06382   0.06051   0.05692   0.05312   0.04921   0.04524   0.04130   0.03746   0.03375   0.03023   0.02694   0.02390   0.02112   0.01861
  0.07375   0.07345   0.07254   0.07105   0.06902   0.06651   0.06356   0.06026   0.05669   0.05291   0.04901   0.04506   0.04114   0.03731   0.03362   0.03012   0.02684   0.02381   0.02104   0.01855
  0.07284   0.07254   0.07164   0.07017   0.06817   0.06569   0.06278   0.05953   0.05600   0.05227   0.04842   0.04453   0.04066   0.03688   0.03324   0.02978   0.02655   0.02356   0.02083   0.01837
  0.07134   0.07105   0.07017   0.06874   0.06678   0.06435   0.06151   0.05833   0.05487   0.05123   0.04746   0.04365   0.03987   0.03617   0.03261   0.02923   0.02606   0.02314   0.02047   0.01806
  0.06931   0.06902   0.06817   0.06678   0.06488   0.06253   0.05977   0.05669   0.05334   0.04980   0.04615   0.04246   0.03879   0.03521   0.03175   0.02848   0.02541   0.02257   0.01998   0.01765
  0.06678   0.06651   0.06569   0.06435   0.06253   0.06026   0.05762   0.05465   0.05143   0.04804   0.04453   0.04098   0.03746   0.03401   0.03069   0.02754   0.02459   0.02187   0.01938   0.01714
  0.06382   0.06356   0.06278   0.06151   0.05977   0.05762   0.05510   0.05227   0.04921   0.04597   0.04263   0.03925   0.03589   0.03261   0.02945   0.02645   0.02364   0.02104   0.01868   0.01654
  0.06051   0.06026   0.05953   0.05833   0.05669   0.05465   0.05227   0.04960   0.04671   0.04365   0.04050   0.03731   0.03414   0.03104   0.02806   0.02522   0.02257   0.02012   0.01789   0.01587
  0.05692   0.05669   0.05600   0.05487   0.05334   0.05143   0.04921   0.04671   0.04400   0.04114   0.03819   0.03521   0.03224   0.02934   0.02655   0.02390   0.02141   0.01912   0.01703   0.01514
  0.05312   0.05291   0.05227   0.05123   0.04980   0.04804   0.04597   0.04365   0.04114   0.03849   0.03575   0.03298   0.03023   0.02754   0.02495   0.02249   0.02019   0.01806   0.01612   0.01437
  0.04921   0.04901   0.04842   0.04746   0.04615   0.04453   0.04263   0.04050   0.03819   0.03575   0.03324   0.03069   0.02816   0.02569   0.02330   0.02104   0.01893   0.01697   0.01519   0.01358
  0.04524   0.04506   0.04453   0.04365   0.04246   0.04098   0.03925   0.03731   0.03521   0.03298   0.03069   0.02837   0.02606   0.02381   0.02164   0.01958   0.01765   0.01587   0.01424   0.01278
  0.04130   0.04114   0.04066   0.03987   0.03879   0.03746   0.03589   0.03414   0.03224   0.03023   0.02816   0.02606   0.02398   0.02194   0.01998   0.01812   0.01638   0.01477   0.01330   0.01198
  0.03746   0.03731   0.03688   0.03617   0.03521   0.03401   0.03261   0.03104   0.02934   0.02754   0.02569   0.02381   0.02194   0.02012   0.01837   0.01670   0.01514   0.01370   0.01239   0.01120
  0.03375   0.03362   0.03324   0.03261   0.03175   0.03069   0.02945   0.02806   0.02655   0.02495   0.02330   0.02164   0.01998   0.01837   0.01681   0.01533   0.01395   0.01267   0.01150   0.01045
  0.03023   0.03012   0.02978   0.02923   0.02848   0.02754   0.02645   0.02522   0.02390   0.02249   0.02104   0.01958   0.01812   0.01670   0.01533   0.01403   0.01281   0.01169   0.01066   0.00974
  0.02694   0.02684   0.02655   0.02606   0.02541   0.02459   0.02364   0.02257   0.02141   0.02019   0.01893   0.01765   0.01638   0.01514   0.01395   0.01281   0.01175   0.01077   0.00988   0.00907
  0.02390   0.02381   0.02356   0.02314   0.02257   0.02187   0.02104   0.02012   0.01912   0.01806   0.01697   0.01587   0.01477   0.01370   0.01267   0.01169   0.01077   0.00992   0.00915   0.00845
  0.02112   0.02104   0.02083   0.02047   0.01998   0.01938   0.01868   0.01789   0.01703   0.01612   0.01519   0.01424   0.01330   0.01239   0.01150   0.01066   0.00988   0.00915   0.00849   0.00789
  0.01861   0.01855   0.01837   0.01806   0.01765   0.01714   0.01654   0.01587   0.01514   0.01437   0.01358   0.01278   0.01198   0.01120   0.01045   0.00974   0.00907   0.00845   0.00789   0.00738
