  0.21377   0.21288   0.21025   0.20593   0.20006   0.19276   0.18423   0.17466   0.16429   0.15334   0.14203   0.13059   0.11923   0.10812   0.09742   0.08727   0.07776   0.06898   0.06096   0.05373
  0.21288   0.21200   0.20938   0.20508   0.19923   0.19197   0.18347   0.17395   0.16362   0.15272   0.14146   0.13008   0.11876   0.10770   0.09705   0.08694   0.07747   0.06873   0.06075   0.05355
  0.21025   0.20938   0.20679   0.20255   0.19678   0.18961   0.18122   0.17183   0.16164   0.15088   0.13977   0.12853   0.11737   0.10645   0.09594   0.08596   0.07663   0.06799   0.06012   0.05302
  0.20593   0.20508   0.20255   0.19841   0.19276   0.18575   0.17755   0.16836   0.15839   0.14786   0.13700   0.12601   0.11509   0.10441   0.09413   0.08437   0.07524   0.06679   0.05909   0.05214
  0.20006   0.19923   0.19678   0.19276   0.18728   0.18048   0.17253   0.16362   0.15396   0.14376   0.13322   0.12257   0.11198   0.10162   0.09166   0.08220   0.07334   0.06516   0.05769   0.05095
  0.19276   0.19197   0.18961   0.18575   0.18048   0.17395   0.16631   0.15775   0.14846   0.13866   0.12853   0.11829   0.10812   0.09817   0.08859   0.07950   0.07099   0.06312   0.05595   0.04947
  0.18423   0.18347   0.18122   0.17755   0.17253   0.16631   0.15903   0.15088   0.14203   0.13269   0.12305   0.11330   0.10360   0.09413   0.08500   0.07634   0.06824   0.06075   0.05391   0.04775
  0.17466   0.17395   0.17183   0.16836   0.16362   0.15775   0.15088   0.14318   0.13483   0.12601   0.11691   0.10770   0.09854   0.08960   0.08098   0.07281   0.06516   0.05808   0.05163   0.04581
  0.16429   0.16362   0.16164   0.15839   0.15396   0.14846   0.14203   0.13483   0.12701   0.11876   0.11024   0.10162   0.09306   0.08469   0.07663   0.06898   0.06181   0.05519   0.04915   0.04371
  0.15334   0.15272   0.15088   0.14786   0.14376   0.13866   0.13269   0.12601   0.11876   0.11110   0.10320   0.09521   0.08727   0.07950   0.07202   0.06493   0.05828   0.05214   0.04654   0.04149
  0.14203   0.14146   0.13977   0.13700   0.13322   0.12853   0.12305   0.11691   0.11024   0.10320   0.09594   0.08859   0.08129   0.07415   0.06727   0.06075   0.05464   0.04899   0.04384   0.03920
  0.13059   0.13008   0.12853   0.12601   0.12257   0.11829   0.11330   0.10770   0.10162   0.09521   0.08859   0.08189   0.07524   0.06873   0.06246   0.05652   0.05095   0.04581   0.04111   0.03688
  0.11923   0.11876   0.11737   0.11509   0.11198   0.10812   0.10360   0.09854   0.09306   0.08727   0.08129   0.07524   0.06922   0.06335   0.05769   0.05232   0.04729   0.04264   0.03840   0.03458
  0.10812   0.10770   0.10645   0.10441   0.10162   0.09817   0.09413   0.08960   0.08469   0.07950   0.07415   0.06873   0.06335   0.05808   0.05302   0.04821   0.04371   0.03955   0.03575   0.03233
  0.09742   0.09705   0.09594   0.09413   0.09166   0.08859   0.08500   0.08098   0.07663   0.07202   0.06727   0.06246   0.05769   0.05302   0.04852   0.04425   0.04026   0.03657   0.03320   0.03016
  0.08727   0.08694   0.08596   0.08437   0.08220   0.07950   0.07634   0.07281   0.06898   0.06493   0.06075   0.05652   0.05232   0.04821   0.04425   0.04050   0.03699   0.03374   0.03078   0.02810
  0.07776   0.07747   0.07663   0.07524   0.07334   0.07099   0.06824   0.06516   0.06181   0.05828   0.05464   0.05095   0.04729   0.04371   0.04026   0.03699   0.03392   0.03109   0.02851   0.02618
  0.06898   0.06873   0.06799   0.06679   0.06516   0.06312   0.06075   0.05808   0.05519   0.05214   0.04899   0.04581   0.04264   0.03955   0.03657   0.03374   0.03109   0.02865   0.02641   0.02440
  0.06096   0.06075   0.06012   0.05909   0.05769   0.05595   0.05391   0.05163   0.04915   0.04654   0.04384   0.04111   0.03840   0.03575   0.03320   0.03078   0.02851   0.02641   0.02450   0.02277
  0.05373   0.05355   0.05302   0.05214   0.05095   0.04947   0.04775   0.04581   0.04371   0.04149   0.03920   0.03688   0.03458   0.03233   0.03016   0.02810   0.02618   0.02440   0.02277   0.02131
