  0.10930   0.10893   0.10781   0.10597   0.10344   0.10029   0.09658   0.09237   0.08775   0.08280   0.07762   0.07229   0.06689   0.06150   0.05620   0.05104   0.04609   0.04139   0.03697   0.03287
  0.10893   0.10855   0.10743   0.10560   0.10309   0.09995   0.09625   0.09205   0.08745   0.08252   0.07736   0.07205   0.06666   0.06130   0.05601   0.05087   0.04594   0.04126   0.03686   0.03276
  0.10781   0.10743   0.10633   0.10452   0.10203   0.09892   0.09526   0.09111   0.08656   0.08168   0.07658   0.07132   0.06599   0.06068   0.05545   0.05037   0.04549   0.04086   0.03650   0.03245
  0.10597   0.10560   0.10452   0.10273   0.10029   0.09724   0.09364   0.08957   0.08509   0.08031   0.07529   0.07012   0.06489   0.05968   0.05454   0.04955   0.04475   0.04020   0.03592   0.03195
  0.10344   0.10309   0.10203   0.10029   0.09791   0.09493   0.09142   0.08745   0.08309   0.07842   0.07352   0.06849   0.06339   0.05830   0.05329   0.04842   0.04374   0.03930   0.03513   0.03125
  0.10029   0.09995   0.09892   0.09724   0.09493   0.09205   0.08865   0.08480   0.08058   0.07606   0.07132   0.06644   0.06150   0.05657   0.05172   0.04701   0.04248   0.03818   0.03414   0.03038
  0.09658   0.09625   0.09526   0.09364   0.09142   0.08865   0.08538   0.08168   0.07762   0.07327   0.06872   0.06403   0.05928   0.05454   0.04988   0.04534   0.04099   0.03686   0.03297   0.02936
  0.09237   0.09205   0.09111   0.08957   0.08745   0.08480   0.08168   0.07815   0.07427   0.07012   0.06577   0.06130   0.05676   0.05224   0.04779   0.04346   0.03930   0.03536   0.03165   0.02820
  0.08775   0.08745   0.08656   0.08509   0.08309   0.08058   0.07762   0.07427   0.07060   0.06666   0.06254   0.05830   0.05400   0.04971   0.04549   0.04139   0.03745   0.03371   0.03019   0.02693
  0.08280   0.08252   0.08168   0.08031   0.07842   0.07606   0.07327   0.07012   0.06666   0.06296   0.05908   0.05509   0.05104   0.04701   0.04304   0.03918   0.03547   0.03195   0.02864   0.02556
  0.07762   0.07736   0.07658   0.07529   0.07352   0.07132   0.06872   0.06577   0.06254   0.05908   0.05545   0.05172   0.04794   0.04417   0.04046   0.03686   0.03339   0.03010   0.02701   0.02414
  0.07229   0.07205   0.07132   0.07012   0.06849   0.06644   0.06403   0.06130   0.05830   0.05509   0.05172   0.04826   0.04475   0.04126   0.03781   0.03447   0.03125   0.02820   0.02533   0.02267
  0.06689   0.06666   0.06599   0.06489   0.06339   0.06150   0.05928   0.05676   0.05400   0.05104   0.04794   0.04475   0.04152   0.03830   0.03513   0.03205   0.02909   0.02628   0.02363   0.02118
  0.06150   0.06130   0.06068   0.05968   0.05830   0.05657   0.05454   0.05224   0.04971   0.04701   0.04417   0.04126   0.03830   0.03536   0.03245   0.02964   0.02693   0.02436   0.02194   0.01969
  0.05620   0.05601   0.05545   0.05454   0.05329   0.05172   0.04988   0.04779   0.04549   0.04304   0.04046   0.03781   0.03513   0.03245   0.02982   0.02726   0.02480   0.02247   0.02027   0.01823
  0.05104   0.05087   0.05037   0.04955   0.04842   0.04701   0.04534   0.04346   0.04139   0.03918   0.03686   0.03447   0.03205   0.02964   0.02726   0.02495   0.02273   0.02063   0.01865   0.01681
  0.04609   0.04594   0.04549   0.04475   0.04374   0.04248   0.04099   0.03930   0.03745   0.03547   0.03339   0.03125   0.02909   0.02693   0.02480   0.02273   0.02075   0.01886   0.01709   0.01545
  0.04139   0.04126   0.04086   0.04020   0.03930   0.03818   0.03686   0.03536   0.03371   0.03195   0.03010   0.02820   0.02628   0.02436   0.02247   0.02063   0.01886   0.01719   0.01561   0.01415
  0.03697   0.03686   0.03650   0.03592   0.03513   0.03414   0.03297   0.03165   0.03019   0.02864   0.02701   0.02533   0.02363   0.02194   0.02027   0.01865   0.01709   0.01561   0.01423   0.01293
  0.03287   0.03276   0.03245   0.03195   0.03125   0.03038   0.02936   0.02820   0.02693   0.02556   0.02414   0.02267   0.02118   0.01969   0.01823   0.01681   0.01545   0.01415   0.01293   0.01180
