  0.05097   0.05079   0.05027   0.04941   0.04824   0.04677   0.04503   0.04307   0.04092   0.03861   0.03619   0.03371   0.03119   0.02868   0.02620   0.02380   0.02149   0.01930   0.01724   0.01532
  0.05079   0.05062   0.05010   0.04924   0.04807   0.04661   0.04488   0.04292   0.04078   0.03848   0.03607   0.03359   0.03108   0.02858   0.02612   0.02372   0.02142   0.01923   0.01718   0.01527
  0.05027   0.05010   0.04958   0.04874   0.04758   0.04613   0.04442   0.04249   0.04036   0.03809   0.03571   0.03325   0.03077   0.02829   0.02586   0.02349   0.02121   0.01905   0.01702   0.01513
  0.04941   0.04924   0.04874   0.04791   0.04677   0.04534   0.04367   0.04176   0.03968   0.03745   0.03511   0.03270   0.03026   0.02782   0.02543   0.02310   0.02087   0.01874   0.01675   0.01489
  0.04824   0.04807   0.04758   0.04677   0.04566   0.04427   0.04263   0.04078   0.03874   0.03656   0.03428   0.03193   0.02955   0.02718   0.02485   0.02257   0.02039   0.01832   0.01638   0.01457
  0.04677   0.04661   0.04613   0.04534   0.04427   0.04292   0.04134   0.03954   0.03757   0.03546   0.03325   0.03098   0.02868   0.02638   0.02412   0.02192   0.01981   0.01780   0.01592   0.01416
  0.04503   0.04488   0.04442   0.04367   0.04263   0.04134   0.03981   0.03809   0.03619   0.03417   0.03204   0.02985   0.02764   0.02543   0.02325   0.02114   0.01911   0.01718   0.01537   0.01369
  0.04307   0.04292   0.04249   0.04176   0.04078   0.03954   0.03809   0.03644   0.03463   0.03270   0.03067   0.02858   0.02647   0.02436   0.02228   0.02026   0.01832   0.01648   0.01475   0.01315
  0.04092   0.04078   0.04036   0.03968   0.03874   0.03757   0.03619   0.03463   0.03292   0.03108   0.02916   0.02718   0.02518   0.02318   0.02121   0.01930   0.01746   0.01572   0.01408   0.01255
  0.03861   0.03848   0.03809   0.03745   0.03656   0.03546   0.03417   0.03270   0.03108   0.02936   0.02755   0.02568   0.02380   0.02192   0.02006   0.01826   0.01654   0.01489   0.01335   0.01192
  0.03619   0.03607   0.03571   0.03511   0.03428   0.03325   0.03204   0.03067   0.02916   0.02755   0.02586   0.02412   0.02235   0.02059   0.01886   0.01718   0.01557   0.01403   0.01259   0.01125
  0.03371   0.03359   0.03325   0.03270   0.03193   0.03098   0.02985   0.02858   0.02718   0.02568   0.02412   0.02250   0.02087   0.01923   0.01763   0.01607   0.01457   0.01315   0.01181   0.01057
  0.03119   0.03108   0.03077   0.03026   0.02955   0.02868   0.02764   0.02647   0.02518   0.02380   0.02235   0.02087   0.01936   0.01786   0.01638   0.01494   0.01356   0.01225   0.01102   0.00987
  0.02868   0.02858   0.02829   0.02782   0.02718   0.02638   0.02543   0.02436   0.02318   0.02192   0.02059   0.01923   0.01786   0.01648   0.01513   0.01382   0.01255   0.01135   0.01023   0.00918
  0.02620   0.02612   0.02586   0.02543   0.02485   0.02412   0.02325   0.02228   0.02121   0.02006   0.01886   0.01763   0.01638   0.01513   0.01390   0.01271   0.01156   0.01047   0.00945   0.00850
  0.02380   0.02372   0.02349   0.02310   0.02257   0.02192   0.02114   0.02026   0.01930   0.01826   0.01718   0.01607   0.01494   0.01382   0.01271   0.01163   0.01060   0.00962   0.00869   0.00784
  0.02149   0.02142   0.02121   0.02087   0.02039   0.01981   0.01911   0.01832   0.01746   0.01654   0.01557   0.01457   0.01356   0.01255   0.01156   0.01060   0.00967   0.00879   0.00797   0.00720
  0.01930   0.01923   0.01905   0.01874   0.01832   0.01780   0.01718   0.01648   0.01572   0.01489   0.01403   0.01315   0.01225   0.01135   0.01047   0.00962   0.00879   0.00801   0.00728   0.00659
  0.01724   0.01718   0.01702   0.01675   0.01638   0.01592   0.01537   0.01475   0.01408   0.01335   0.01259   0.01181   0.01102   0.01023   0.00945   0.00869   0.00797   0.00728   0.00663   0.00603
  0.01532   0.01527   0.01513   0.01489   0.01457   0.01416   0.01369   0.01315   0.01255   0.01192   0.01125   0.01057   0.00987   0.00918   0.00850   0.00784   0.00720   0.00659   0.00603   0.00550
