  0.12995   0.12950   0.12818   0.12600   0.12303   0.11932   0.11496   0.11004   0.10467   0.09895   0.09299   0.08690   0.08078   0.07471   0.06880   0.06310   0.05768   0.05259   0.04786   0.04351
  0.12950   0.12906   0.12774   0.12557   0.12261   0.11891   0.11457   0.10968   0.10433   0.09863   0.09269   0.08662   0.08052   0.07448   0.06859   0.06291   0.05751   0.05244   0.04773   0.04340
  0.12818   0.12774   0.12643   0.12429   0.12136   0.11771   0.11342   0.10858   0.10329   0.09766   0.09179   0.08580   0.07977   0.07380   0.06797   0.06236   0.05703   0.05201   0.04735   0.04308
  0.12600   0.12557   0.12429   0.12219   0.11932   0.11574   0.11153   0.10678   0.10160   0.09607   0.09032   0.08444   0.07852   0.07267   0.06696   0.06146   0.05622   0.05131   0.04674   0.04254
  0.12303   0.12261   0.12136   0.11932   0.11652   0.11304   0.10894   0.10433   0.09928   0.09391   0.08831   0.08258   0.07683   0.07113   0.06557   0.06022   0.05513   0.05034   0.04590   0.04182
  0.11932   0.11891   0.11771   0.11574   0.11304   0.10968   0.10572   0.10126   0.09639   0.09120   0.08580   0.08027   0.07471   0.06921   0.06385   0.05868   0.05376   0.04914   0.04485   0.04091
  0.11496   0.11457   0.11342   0.11153   0.10894   0.10572   0.10193   0.09766   0.09299   0.08802   0.08284   0.07755   0.07223   0.06696   0.06182   0.05686   0.05215   0.04773   0.04362   0.03984
  0.11004   0.10968   0.10858   0.10678   0.10433   0.10126   0.09766   0.09360   0.08916   0.08444   0.07952   0.07448   0.06942   0.06441   0.05953   0.05482   0.05034   0.04614   0.04223   0.03864
  0.10467   0.10433   0.10329   0.10160   0.09928   0.09639   0.09299   0.08916   0.08498   0.08052   0.07588   0.07113   0.06636   0.06164   0.05703   0.05259   0.04836   0.04440   0.04071   0.03732
  0.09895   0.09863   0.09766   0.09607   0.09391   0.09120   0.08802   0.08444   0.08052   0.07635   0.07201   0.06756   0.06310   0.05868   0.05436   0.05021   0.04626   0.04254   0.03909   0.03592
  0.09299   0.09269   0.09179   0.09032   0.08831   0.08580   0.08284   0.07952   0.07588   0.07201   0.06797   0.06385   0.05970   0.05559   0.05159   0.04773   0.04406   0.04061   0.03741   0.03447
  0.08690   0.08662   0.08580   0.08444   0.08258   0.08027   0.07755   0.07448   0.07113   0.06756   0.06385   0.06004   0.05622   0.05244   0.04875   0.04520   0.04182   0.03864   0.03569   0.03298
  0.08078   0.08052   0.07977   0.07852   0.07683   0.07471   0.07223   0.06942   0.06636   0.06310   0.05970   0.05622   0.05273   0.04927   0.04590   0.04265   0.03956   0.03665   0.03396   0.03148
  0.07471   0.07448   0.07380   0.07267   0.07113   0.06921   0.06696   0.06441   0.06164   0.05868   0.05559   0.05244   0.04927   0.04614   0.04308   0.04013   0.03732   0.03469   0.03224   0.02999
  0.06880   0.06859   0.06797   0.06696   0.06557   0.06385   0.06182   0.05953   0.05703   0.05436   0.05159   0.04875   0.04590   0.04308   0.04032   0.03767   0.03514   0.03277   0.03057   0.02855
  0.06310   0.06291   0.06236   0.06146   0.06022   0.05868   0.05686   0.05482   0.05259   0.05021   0.04773   0.04520   0.04265   0.04013   0.03767   0.03530   0.03304   0.03093   0.02896   0.02715
  0.05768   0.05751   0.05703   0.05622   0.05513   0.05376   0.05215   0.05034   0.04836   0.04626   0.04406   0.04182   0.03956   0.03732   0.03514   0.03304   0.03105   0.02917   0.02743   0.02583
  0.05259   0.05244   0.05201   0.05131   0.05034   0.04914   0.04773   0.04614   0.04440   0.04254   0.04061   0.03864   0.03665   0.03469   0.03277   0.03093   0.02917   0.02752   0.02599   0.02458
  0.04786   0.04773   0.04735   0.04674   0.04590   0.04485   0.04362   0.04223   0.04071   0.03909   0.03741   0.03569   0.03396   0.03224   0.03057   0.02896   0.02743   0.02599   0.02465   0.02342
  0.04351   0.04340   0.04308   0.04254   0.04182   0.04091   0.03984   0.03864   0.03732   0.03592   0.03447   0.03298   0.03148   0.02999   0.02855   0.02715   0.02583   0.02458   0.02342   0.02236
