  0.19753   0.19699   0.19540   0.19278   0.18921   0.18477   0.17957   0.17373   0.16739   0.16067   0.15372   0.14666   0.13963   0.13272   0.12605   0.11969   0.11370   0.10815   0.10305   0.09842
  0.19699   0.19646   0.19487   0.19226   0.18871   0.18429   0.17911   0.17330   0.16698   0.16029   0.15337   0.14634   0.13934   0.13246   0.12582   0.11948   0.11352   0.10799   0.10291   0.09831
  0.19540   0.19487   0.19330   0.19072   0.18721   0.18285   0.17774   0.17200   0.16576   0.15916   0.15233   0.14539   0.13847   0.13169   0.12513   0.11887   0.11299   0.10752   0.10251   0.09797
  0.19278   0.19226   0.19072   0.18821   0.18477   0.18050   0.17549   0.16988   0.16377   0.15731   0.15062   0.14383   0.13706   0.13041   0.12399   0.11787   0.11211   0.10676   0.10185   0.09741
  0.18921   0.18871   0.18721   0.18477   0.18143   0.17729   0.17243   0.16698   0.16105   0.15478   0.14829   0.14170   0.13513   0.12868   0.12244   0.11650   0.11091   0.10572   0.10096   0.09664
  0.18477   0.18429   0.18285   0.18050   0.17729   0.17330   0.16863   0.16338   0.15768   0.15164   0.14539   0.13905   0.13272   0.12652   0.12052   0.11480   0.10942   0.10443   0.09984   0.09569
  0.17957   0.17911   0.17774   0.17549   0.17243   0.16863   0.16417   0.15916   0.15372   0.14796   0.14200   0.13595   0.12991   0.12399   0.11827   0.11281   0.10768   0.10291   0.09854   0.09457
  0.17373   0.17330   0.17200   0.16988   0.16698   0.16338   0.15916   0.15443   0.14928   0.14383   0.13819   0.13246   0.12675   0.12115   0.11574   0.11058   0.10572   0.10121   0.09707   0.09332
  0.16739   0.16698   0.16576   0.16377   0.16105   0.15768   0.15372   0.14928   0.14445   0.13934   0.13405   0.12868   0.12332   0.11807   0.11299   0.10815   0.10359   0.09936   0.09548   0.09196
  0.16067   0.16029   0.15916   0.15731   0.15478   0.15164   0.14796   0.14383   0.13934   0.13458   0.12966   0.12467   0.11969   0.11480   0.11008   0.10557   0.10134   0.09741   0.09380   0.09052
  0.15372   0.15337   0.15233   0.15062   0.14829   0.14539   0.14200   0.13819   0.13405   0.12966   0.12513   0.12052   0.11593   0.11142   0.10706   0.10291   0.09901   0.09538   0.09205   0.08903
  0.14666   0.14634   0.14539   0.14383   0.14170   0.13905   0.13595   0.13246   0.12868   0.12467   0.12052   0.11631   0.11211   0.10799   0.10401   0.10021   0.09664   0.09332   0.09028   0.08752
  0.13963   0.13934   0.13847   0.13706   0.13513   0.13272   0.12991   0.12675   0.12332   0.11969   0.11593   0.11211   0.10830   0.10457   0.10096   0.09752   0.09428   0.09127   0.08851   0.08601
  0.13272   0.13246   0.13169   0.13041   0.12868   0.12652   0.12399   0.12115   0.11807   0.11480   0.11142   0.10799   0.10457   0.10121   0.09797   0.09487   0.09196   0.08926   0.08678   0.08453
  0.12605   0.12582   0.12513   0.12399   0.12244   0.12052   0.11827   0.11574   0.11299   0.11008   0.10706   0.10401   0.10096   0.09797   0.09507   0.09232   0.08972   0.08732   0.08511   0.08310
  0.11969   0.11948   0.11887   0.11787   0.11650   0.11480   0.11281   0.11058   0.10815   0.10557   0.10291   0.10021   0.09752   0.09487   0.09232   0.08988   0.08759   0.08546   0.08351   0.08174
  0.11370   0.11352   0.11299   0.11211   0.11091   0.10942   0.10768   0.10572   0.10359   0.10134   0.09901   0.09664   0.09428   0.09196   0.08972   0.08759   0.08558   0.08372   0.08201   0.08046
  0.10815   0.10799   0.10752   0.10676   0.10572   0.10443   0.10291   0.10121   0.09936   0.09741   0.09538   0.09332   0.09127   0.08926   0.08732   0.08546   0.08372   0.08210   0.08061   0.07926
  0.10305   0.10291   0.10251   0.10185   0.10096   0.09984   0.09854   0.09707   0.09548   0.09380   0.09205   0.09028   0.08851   0.08678   0.08511   0.08351   0.08201   0.08061   0.07933   0.07817
  0.09842   0.09831   0.09797   0.09741   0.09664   0.09569   0.09457   0.09332   0.09196   0.09052   0.08903   0.08752   0.08601   0.08453   0.08310   0.08174   0.08046   0.07926   0.07817   0.07718
