  0.00369   0.00367   0.00361   0.00352   0.00340   0.00326   0.00309   0.00292   0.00274   0.00256   0.00238   0.00222   0.00206   0.00193   0.00181   0.00171   0.00162   0.00155   0.00149   0.00144
  0.00367   0.00365   0.00359   0.00350   0.00338   0.00324   0.00308   0.00291   0.00273   0.00255   0.00237   0.00221   0.00206   0.00192   0.00180   0.00170   0.00162   0.00155   0.00149   0.00144
  0.00361   0.00359   0.00354   0.00345   0.00334   0.00320   0.00304   0.00287   0.00269   0.00252   0.00235   0.00219   0.00204   0.00191   0.00179   0.00169   0.00161   0.00154   0.00148   0.00144
  0.00352   0.00350   0.00345   0.00337   0.00326   0.00312   0.00297   0.00281   0.00264   0.00247   0.00231   0.00215   0.00201   0.00189   0.00177   0.00168   0.00160   0.00153   0.00148   0.00143
  0.00340   0.00338   0.00334   0.00326   0.00315   0.00302   0.00288   0.00273   0.00257   0.00241   0.00225   0.00211   0.00197   0.00185   0.00175   0.00166   0.00158   0.00152   0.00147   0.00143
  0.00326   0.00324   0.00320   0.00312   0.00302   0.00291   0.00277   0.00263   0.00248   0.00233   0.00219   0.00205   0.00193   0.00182   0.00172   0.00163   0.00156   0.00150   0.00146   0.00142
  0.00309   0.00308   0.00304   0.00297   0.00288   0.00277   0.00265   0.00252   0.00238   0.00225   0.00211   0.00199   0.00188   0.00177   0.00168   0.00161   0.00154   0.00149   0.00144   0.00141
  0.00292   0.00291   0.00287   0.00281   0.00273   0.00263   0.00252   0.00240   0.00228   0.00215   0.00204   0.00192   0.00182   0.00173   0.00165   0.00158   0.00152   0.00147   0.00143   0.00140
  0.00274   0.00273   0.00269   0.00264   0.00257   0.00248   0.00238   0.00228   0.00217   0.00206   0.00195   0.00185   0.00176   0.00168   0.00161   0.00155   0.00150   0.00145   0.00142   0.00139
  0.00256   0.00255   0.00252   0.00247   0.00241   0.00233   0.00225   0.00215   0.00206   0.00196   0.00187   0.00179   0.00171   0.00163   0.00157   0.00152   0.00147   0.00143   0.00140   0.00138
  0.00238   0.00237   0.00235   0.00231   0.00225   0.00219   0.00211   0.00204   0.00195   0.00187   0.00179   0.00172   0.00165   0.00159   0.00153   0.00149   0.00145   0.00142   0.00139   0.00137
  0.00222   0.00221   0.00219   0.00215   0.00211   0.00205   0.00199   0.00192   0.00185   0.00179   0.00172   0.00166   0.00160   0.00155   0.00150   0.00146   0.00143   0.00140   0.00138   0.00136
  0.00206   0.00206   0.00204   0.00201   0.00197   0.00193   0.00188   0.00182   0.00176   0.00171   0.00165   0.00160   0.00155   0.00151   0.00147   0.00143   0.00141   0.00138   0.00137   0.00135
  0.00193   0.00192   0.00191   0.00189   0.00185   0.00182   0.00177   0.00173   0.00168   0.00163   0.00159   0.00155   0.00151   0.00147   0.00144   0.00141   0.00139   0.00137   0.00136   0.00134
  0.00181   0.00180   0.00179   0.00177   0.00175   0.00172   0.00168   0.00165   0.00161   0.00157   0.00153   0.00150   0.00147   0.00144   0.00141   0.00139   0.00137   0.00136   0.00135   0.00134
  0.00171   0.00170   0.00169   0.00168   0.00166   0.00163   0.00161   0.00158   0.00155   0.00152   0.00149   0.00146   0.00143   0.00141   0.00139   0.00137   0.00136   0.00135   0.00134   0.00133
  0.00162   0.00162   0.00161   0.00160   0.00158   0.00156   0.00154   0.00152   0.00150   0.00147   0.00145   0.00143   0.00141   0.00139   0.00137   0.00136   0.00135   0.00134   0.00133   0.00133
  0.00155   0.00155   0.00154   0.00153   0.00152   0.00150   0.00149   0.00147   0.00145   0.00143   0.00142   0.00140   0.00138   0.00137   0.00136   0.00135   0.00134   0.00133   0.00133   0.00132
  0.00149   0.00149   0.00148   0.00148   0.00147   0.00146   0.00144   0.00143   0.00142   0.00140   0.00139   0.00138   0.00137   0.00136   0.00135   0.00134   0.00133   0.00133   0.00132   0.00132
  0.00144   0.00144   0.00144   0.00143   0.00143   0.00142   0.00141   0.00140   0.00139   0.00138   0.00137   0.00136   0.00135   0.00134   0.00134   0.00133   0.00133   0.00132   0.00132   0.00132
