  0.08157   0.08129   0.08046   0.07909   0.07722   0.07489   0.07215   0.06907   0.06569   0.06210   0.05836   0.05453   0.05069   0.04688   0.04317   0.03959   0.03619   0.03299   0.03002   0.02729
  0.08129   0.08101   0.08018   0.07882   0.07696   0.07464   0.07191   0.06884   0.06548   0.06190   0.05817   0.05436   0.05053   0.04674   0.04304   0.03947   0.03608   0.03290   0.02994   0.02723
  0.08046   0.08018   0.07936   0.07802   0.07618   0.07388   0.07119   0.06815   0.06483   0.06129   0.05761   0.05384   0.05005   0.04631   0.04265   0.03913   0.03578   0.03263   0.02971   0.02702
  0.07909   0.07882   0.07802   0.07670   0.07489   0.07264   0.07000   0.06702   0.06376   0.06029   0.05668   0.05299   0.04927   0.04560   0.04201   0.03856   0.03527   0.03219   0.02932   0.02669
  0.07722   0.07696   0.07618   0.07489   0.07314   0.07095   0.06838   0.06548   0.06231   0.05893   0.05542   0.05182   0.04821   0.04463   0.04114   0.03778   0.03459   0.03158   0.02879   0.02623
  0.07489   0.07464   0.07388   0.07264   0.07095   0.06884   0.06635   0.06355   0.06049   0.05723   0.05384   0.05037   0.04688   0.04343   0.04006   0.03681   0.03373   0.03083   0.02814   0.02566
  0.07215   0.07191   0.07119   0.07000   0.06838   0.06635   0.06397   0.06129   0.05836   0.05524   0.05199   0.04866   0.04532   0.04201   0.03878   0.03568   0.03272   0.02994   0.02736   0.02499
  0.06907   0.06884   0.06815   0.06702   0.06548   0.06355   0.06129   0.05874   0.05595   0.05299   0.04990   0.04674   0.04356   0.04042   0.03735   0.03439   0.03158   0.02894   0.02649   0.02424
  0.06569   0.06548   0.06483   0.06376   0.06231   0.06049   0.05836   0.05595   0.05333   0.05053   0.04761   0.04463   0.04164   0.03867   0.03578   0.03299   0.03034   0.02785   0.02554   0.02341
  0.06210   0.06190   0.06129   0.06029   0.05893   0.05723   0.05524   0.05299   0.05053   0.04791   0.04518   0.04239   0.03959   0.03681   0.03411   0.03150   0.02902   0.02669   0.02452   0.02254
  0.05836   0.05817   0.05761   0.05668   0.05542   0.05384   0.05199   0.04990   0.04761   0.04518   0.04265   0.04006   0.03746   0.03488   0.03236   0.02994   0.02764   0.02548   0.02347   0.02162
  0.05453   0.05436   0.05384   0.05299   0.05182   0.05037   0.04866   0.04674   0.04463   0.04239   0.04006   0.03767   0.03527   0.03290   0.03058   0.02835   0.02623   0.02424   0.02239   0.02069
  0.05069   0.05053   0.05005   0.04927   0.04821   0.04688   0.04532   0.04356   0.04164   0.03959   0.03746   0.03527   0.03308   0.03091   0.02879   0.02675   0.02482   0.02299   0.02130   0.01975
  0.04688   0.04674   0.04631   0.04560   0.04463   0.04343   0.04201   0.04042   0.03867   0.03681   0.03488   0.03290   0.03091   0.02894   0.02702   0.02517   0.02341   0.02176   0.02023   0.01882
  0.04317   0.04304   0.04265   0.04201   0.04114   0.04006   0.03878   0.03735   0.03578   0.03411   0.03236   0.03058   0.02879   0.02702   0.02529   0.02363   0.02205   0.02056   0.01918   0.01791
  0.03959   0.03947   0.03913   0.03856   0.03778   0.03681   0.03568   0.03439   0.03299   0.03150   0.02994   0.02835   0.02675   0.02517   0.02363   0.02214   0.02073   0.01940   0.01817   0.01703
  0.03619   0.03608   0.03578   0.03527   0.03459   0.03373   0.03272   0.03158   0.03034   0.02902   0.02764   0.02623   0.02482   0.02341   0.02205   0.02073   0.01948   0.01830   0.01721   0.01620
  0.03299   0.03290   0.03263   0.03219   0.03158   0.03083   0.02994   0.02894   0.02785   0.02669   0.02548   0.02424   0.02299   0.02176   0.02056   0.01940   0.01830   0.01726   0.01630   0.01542
  0.03002   0.02994   0.02971   0.02932   0.02879   0.02814   0.02736   0.02649   0.02554   0.02452   0.02347   0.02239   0.02130   0.02023   0.01918   0.01817   0.01721   0.01630   0.01547   0.01470
  0.02729   0.02723   0.02702   0.02669   0.02623   0.02566   0.02499   0.02424   0.02341   0.02254   0.02162   0.02069   0.01975   0.01882   0.01791   0.01703   0.01620   0.01542   0.01470   0.01403
