  0.00710   0.00706   0.00695   0.00678   0.00655   0.00627   0.00596   0.00562   0.00527   0.00492   0.00459   0.00427   0.00398   0.00371   0.00348   0.00328   0.00312   0.00298   0.00287   0.00278
  0.00706   0.00702   0.00692   0.00675   0.00652   0.00624   0.00593   0.00560   0.00525   0.00490   0.00457   0.00425   0.00396   0.00370   0.00348   0.00328   0.00311   0.00298   0.00286   0.00278
  0.00695   0.00692   0.00681   0.00665   0.00642   0.00615   0.00585   0.00552   0.00519   0.00485   0.00452   0.00421   0.00393   0.00368   0.00345   0.00326   0.00310   0.00296   0.00286   0.00277
  0.00678   0.00675   0.00665   0.00649   0.00627   0.00601   0.00572   0.00541   0.00508   0.00476   0.00444   0.00415   0.00388   0.00363   0.00342   0.00323   0.00308   0.00295   0.00284   0.00276
  0.00655   0.00652   0.00642   0.00627   0.00607   0.00582   0.00555   0.00525   0.00494   0.00464   0.00434   0.00406   0.00380   0.00357   0.00337   0.00319   0.00305   0.00292   0.00283   0.00275
  0.00627   0.00624   0.00615   0.00601   0.00582   0.00560   0.00534   0.00506   0.00478   0.00449   0.00421   0.00395   0.00371   0.00350   0.00331   0.00315   0.00301   0.00290   0.00280   0.00273
  0.00596   0.00593   0.00585   0.00572   0.00555   0.00534   0.00510   0.00485   0.00459   0.00432   0.00407   0.00383   0.00361   0.00342   0.00324   0.00309   0.00297   0.00286   0.00278   0.00271
  0.00562   0.00560   0.00552   0.00541   0.00525   0.00506   0.00485   0.00462   0.00438   0.00415   0.00392   0.00370   0.00351   0.00333   0.00317   0.00304   0.00292   0.00283   0.00275   0.00269
  0.00527   0.00525   0.00519   0.00508   0.00494   0.00478   0.00459   0.00438   0.00417   0.00396   0.00376   0.00357   0.00340   0.00324   0.00310   0.00298   0.00288   0.00280   0.00273   0.00267
  0.00492   0.00490   0.00485   0.00476   0.00464   0.00449   0.00432   0.00415   0.00396   0.00378   0.00360   0.00344   0.00328   0.00315   0.00303   0.00292   0.00283   0.00276   0.00270   0.00266
  0.00459   0.00457   0.00452   0.00444   0.00434   0.00421   0.00407   0.00392   0.00376   0.00360   0.00345   0.00331   0.00318   0.00306   0.00295   0.00286   0.00279   0.00273   0.00268   0.00264
  0.00427   0.00425   0.00421   0.00415   0.00406   0.00395   0.00383   0.00370   0.00357   0.00344   0.00331   0.00319   0.00308   0.00298   0.00289   0.00281   0.00275   0.00269   0.00265   0.00262
  0.00398   0.00396   0.00393   0.00388   0.00380   0.00371   0.00361   0.00351   0.00340   0.00328   0.00318   0.00308   0.00298   0.00290   0.00283   0.00276   0.00271   0.00267   0.00263   0.00260
  0.00371   0.00370   0.00368   0.00363   0.00357   0.00350   0.00342   0.00333   0.00324   0.00315   0.00306   0.00298   0.00290   0.00283   0.00277   0.00272   0.00267   0.00264   0.00261   0.00259
  0.00348   0.00348   0.00345   0.00342   0.00337   0.00331   0.00324   0.00317   0.00310   0.00303   0.00295   0.00289   0.00283   0.00277   0.00272   0.00268   0.00264   0.00262   0.00259   0.00257
  0.00328   0.00328   0.00326   0.00323   0.00319   0.00315   0.00309   0.00304   0.00298   0.00292   0.00286   0.00281   0.00276   0.00272   0.00268   0.00265   0.00262   0.00260   0.00258   0.00256
  0.00312   0.00311   0.00310   0.00308   0.00305   0.00301   0.00297   0.00292   0.00288   0.00283   0.00279   0.00275   0.00271   0.00267   0.00264   0.00262   0.00260   0.00258   0.00256   0.00255
  0.00298   0.00298   0.00296   0.00295   0.00292   0.00290   0.00286   0.00283   0.00280   0.00276   0.00273   0.00269   0.00267   0.00264   0.00262   0.00260   0.00258   0.00257   0.00255   0.00254
  0.00287   0.00286   0.00286   0.00284   0.00283   0.00280   0.00278   0.00275   0.00273   0.00270   0.00268   0.00265   0.00263   0.00261   0.00259   0.00258   0.00256   0.00255   0.00255   0.00254
  0.00278   0.00278   0.00277   0.00276   0.00275   0.00273   0.00271   0.00269   0.00267   0.00266   0.00264   0.00262   0.00260   0.00259   0.00257   0.00256   0.00255   0.00254   0.00254   0.00253
