  0.19931   0.19877   0.19718   0.19456   0.19099   0.18655   0.18136   0.17552   0.16919   0.16249   0.15555   0.14852   0.14151   0.13464   0.12801   0.12169   0.11575   0.11024   0.10519   0.10061
  0.19877   0.19824   0.19665   0.19404   0.19048   0.18607   0.18089   0.17509   0.16878   0.16211   0.15520   0.14820   0.14122   0.13438   0.12777   0.12148   0.11557   0.11008   0.10505   0.10050
  0.19718   0.19665   0.19508   0.19250   0.18899   0.18463   0.17953   0.17380   0.16757   0.16098   0.15416   0.14725   0.14036   0.13361   0.12709   0.12087   0.11504   0.10962   0.10466   0.10016
  0.19456   0.19404   0.19250   0.18999   0.18655   0.18228   0.17728   0.17167   0.16558   0.15913   0.15246   0.14570   0.13895   0.13234   0.12596   0.11988   0.11417   0.10886   0.10401   0.09961
  0.19099   0.19048   0.18899   0.18655   0.18322   0.17907   0.17422   0.16878   0.16287   0.15661   0.15014   0.14357   0.13703   0.13062   0.12442   0.11852   0.11298   0.10783   0.10312   0.09885
  0.18655   0.18607   0.18463   0.18228   0.17907   0.17509   0.17042   0.16519   0.15950   0.15348   0.14725   0.14094   0.13464   0.12847   0.12251   0.11684   0.11150   0.10655   0.10202   0.09791
  0.18136   0.18089   0.17953   0.17728   0.17422   0.17042   0.16597   0.16098   0.15555   0.14981   0.14387   0.13785   0.13185   0.12596   0.12027   0.11486   0.10977   0.10505   0.10073   0.09681
  0.17552   0.17509   0.17380   0.17167   0.16878   0.16519   0.16098   0.15626   0.15113   0.14570   0.14008   0.13438   0.12871   0.12314   0.11776   0.11264   0.10783   0.10337   0.09928   0.09557
  0.16919   0.16878   0.16757   0.16558   0.16287   0.15950   0.15555   0.15113   0.14631   0.14122   0.13596   0.13062   0.12529   0.12008   0.11504   0.11024   0.10573   0.10154   0.09771   0.09423
  0.16249   0.16211   0.16098   0.15913   0.15661   0.15348   0.14981   0.14570   0.14122   0.13649   0.13160   0.12663   0.12169   0.11684   0.11215   0.10769   0.10350   0.09961   0.09604   0.09281
  0.15555   0.15520   0.15416   0.15246   0.15014   0.14725   0.14387   0.14008   0.13596   0.13160   0.12709   0.12251   0.11795   0.11348   0.10917   0.10505   0.10119   0.09761   0.09432   0.09134
  0.14852   0.14820   0.14725   0.14570   0.14357   0.14094   0.13785   0.13438   0.13062   0.12663   0.12251   0.11833   0.11417   0.11008   0.10614   0.10238   0.09885   0.09557   0.09257   0.08985
  0.14151   0.14122   0.14036   0.13895   0.13703   0.13464   0.13185   0.12871   0.12529   0.12169   0.11795   0.11417   0.11039   0.10669   0.10312   0.09972   0.09652   0.09355   0.09083   0.08837
  0.13464   0.13438   0.13361   0.13234   0.13062   0.12847   0.12596   0.12314   0.12008   0.11684   0.11348   0.11008   0.10669   0.10337   0.10016   0.09710   0.09423   0.09157   0.08913   0.08691
  0.12801   0.12777   0.12709   0.12596   0.12442   0.12251   0.12027   0.11776   0.11504   0.11215   0.10917   0.10614   0.10312   0.10016   0.09730   0.09458   0.09203   0.08965   0.08748   0.08551
  0.12169   0.12148   0.12087   0.11988   0.11852   0.11684   0.11486   0.11264   0.11024   0.10769   0.10505   0.10238   0.09972   0.09710   0.09458   0.09218   0.08992   0.08783   0.08591   0.08417
  0.11575   0.11557   0.11504   0.11417   0.11298   0.11150   0.10977   0.10783   0.10573   0.10350   0.10119   0.09885   0.09652   0.09423   0.09203   0.08992   0.08795   0.08611   0.08443   0.08291
  0.11024   0.11008   0.10962   0.10886   0.10783   0.10655   0.10505   0.10337   0.10154   0.09961   0.09761   0.09557   0.09355   0.09157   0.08965   0.08783   0.08611   0.08452   0.08307   0.08175
  0.10519   0.10505   0.10466   0.10401   0.10312   0.10202   0.10073   0.09928   0.09771   0.09604   0.09432   0.09257   0.09083   0.08913   0.08748   0.08591   0.08443   0.08307   0.08181   0.08068
  0.10061   0.10050   0.10016   0.09961   0.09885   0.09791   0.09681   0.09557   0.09423   0.09281   0.09134   0.08985   0.08837   0.08691   0.08551   0.08417   0.08291   0.08175   0.08068   0.07971
