  0.16218   0.16172   0.16033   0.15807   0.15498   0.15114   0.14664   0.14159   0.13611   0.13030   0.12430   0.11820   0.11213   0.10618   0.10042   0.09494   0.08979   0.08501   0.08062   0.07665
  0.16172   0.16125   0.15988   0.15762   0.15454   0.15072   0.14624   0.14122   0.13575   0.12997   0.12399   0.11793   0.11188   0.10595   0.10022   0.09476   0.08963   0.08487   0.08051   0.07655
  0.16033   0.15988   0.15852   0.15629   0.15325   0.14948   0.14506   0.14010   0.13470   0.12900   0.12309   0.11710   0.11114   0.10528   0.09962   0.09424   0.08917   0.08447   0.08016   0.07626
  0.15807   0.15762   0.15629   0.15411   0.15114   0.14744   0.14312   0.13826   0.13298   0.12740   0.12162   0.11576   0.10991   0.10418   0.09865   0.09337   0.08842   0.08381   0.07960   0.07577
  0.15498   0.15454   0.15325   0.15114   0.14825   0.14467   0.14047   0.13575   0.13063   0.12521   0.11961   0.11392   0.10825   0.10269   0.09731   0.09220   0.08738   0.08292   0.07883   0.07512
  0.15114   0.15072   0.14948   0.14744   0.14467   0.14122   0.13718   0.13264   0.12771   0.12250   0.11710   0.11163   0.10618   0.10083   0.09566   0.09073   0.08610   0.08181   0.07787   0.07430
  0.14664   0.14624   0.14506   0.14312   0.14047   0.13718   0.13332   0.12900   0.12430   0.11932   0.11418   0.10895   0.10375   0.09865   0.09372   0.08902   0.08460   0.08051   0.07675   0.07334
  0.14159   0.14122   0.14010   0.13826   0.13575   0.13264   0.12900   0.12491   0.12046   0.11576   0.11089   0.10595   0.10103   0.09620   0.09154   0.08710   0.08292   0.07904   0.07549   0.07227
  0.13611   0.13575   0.13470   0.13298   0.13063   0.12771   0.12430   0.12046   0.11629   0.11188   0.10732   0.10269   0.09807   0.09354   0.08917   0.08501   0.08109   0.07746   0.07412   0.07111
  0.13030   0.12997   0.12900   0.12740   0.12521   0.12250   0.11932   0.11576   0.11188   0.10778   0.10354   0.09923   0.09494   0.09073   0.08667   0.08279   0.07915   0.07577   0.07268   0.06987
  0.12430   0.12399   0.12309   0.12162   0.11961   0.11710   0.11418   0.11089   0.10732   0.10354   0.09962   0.09566   0.09170   0.08782   0.08408   0.08051   0.07715   0.07404   0.07118   0.06859
  0.11820   0.11793   0.11710   0.11576   0.11392   0.11163   0.10895   0.10595   0.10269   0.09923   0.09566   0.09203   0.08842   0.08487   0.08145   0.07818   0.07512   0.07227   0.06966   0.06730
  0.11213   0.11188   0.11114   0.10991   0.10825   0.10618   0.10375   0.10103   0.09807   0.09494   0.09170   0.08842   0.08514   0.08193   0.07883   0.07587   0.07309   0.07051   0.06815   0.06601
  0.10618   0.10595   0.10528   0.10418   0.10269   0.10083   0.09865   0.09620   0.09354   0.09073   0.08782   0.08487   0.08193   0.07904   0.07626   0.07360   0.07111   0.06879   0.06666   0.06474
  0.10042   0.10022   0.09962   0.09865   0.09731   0.09566   0.09372   0.09154   0.08917   0.08667   0.08408   0.08145   0.07883   0.07626   0.07377   0.07141   0.06919   0.06712   0.06523   0.06352
  0.09494   0.09476   0.09424   0.09337   0.09220   0.09073   0.08902   0.08710   0.08501   0.08279   0.08051   0.07818   0.07587   0.07360   0.07141   0.06932   0.06736   0.06554   0.06386   0.06235
  0.08979   0.08963   0.08917   0.08842   0.08738   0.08610   0.08460   0.08292   0.08109   0.07915   0.07715   0.07512   0.07309   0.07111   0.06919   0.06736   0.06564   0.06404   0.06258   0.06126
  0.08501   0.08487   0.08447   0.08381   0.08292   0.08181   0.08051   0.07904   0.07746   0.07577   0.07404   0.07227   0.07051   0.06879   0.06712   0.06554   0.06404   0.06266   0.06139   0.06024
  0.08062   0.08051   0.08016   0.07960   0.07883   0.07787   0.07675   0.07549   0.07412   0.07268   0.07118   0.06966   0.06815   0.06666   0.06523   0.06386   0.06258   0.06139   0.06030   0.05931
  0.07665   0.07655   0.07626   0.07577   0.07512   0.07430   0.07334   0.07227   0.07111   0.06987   0.06859   0.06730   0.06601   0.06474   0.06352   0.06235   0.06126   0.06024   0.05931   0.05846
