  0.07800   0.07778   0.07711   0.07602   0.07454   0.07269   0.07054   0.06812   0.06550   0.06273   0.05987   0.05698   0.05411   0.05130   0.04859   0.04602   0.04361   0.04139   0.03936   0.03752
  0.07778   0.07756   0.07689   0.07581   0.07433   0.07249   0.07035   0.06794   0.06533   0.06258   0.05973   0.05685   0.05399   0.05119   0.04850   0.04594   0.04354   0.04132   0.03930   0.03748
  0.07711   0.07689   0.07624   0.07517   0.07371   0.07190   0.06978   0.06741   0.06483   0.06211   0.05930   0.05646   0.05364   0.05087   0.04821   0.04569   0.04333   0.04114   0.03914   0.03734
  0.07602   0.07581   0.07517   0.07412   0.07269   0.07092   0.06885   0.06653   0.06401   0.06135   0.05860   0.05582   0.05306   0.05036   0.04776   0.04529   0.04297   0.04083   0.03888   0.03712
  0.07454   0.07433   0.07371   0.07269   0.07131   0.06959   0.06758   0.06533   0.06289   0.06031   0.05765   0.05495   0.05227   0.04965   0.04713   0.04474   0.04249   0.04042   0.03853   0.03682
  0.07269   0.07249   0.07190   0.07092   0.06959   0.06794   0.06601   0.06385   0.06150   0.05902   0.05646   0.05387   0.05130   0.04878   0.04635   0.04405   0.04190   0.03990   0.03809   0.03644
  0.07054   0.07035   0.06978   0.06885   0.06758   0.06601   0.06417   0.06211   0.05987   0.05751   0.05507   0.05261   0.05015   0.04776   0.04545   0.04325   0.04120   0.03930   0.03757   0.03601
  0.06812   0.06794   0.06741   0.06653   0.06533   0.06385   0.06211   0.06016   0.05805   0.05582   0.05352   0.05119   0.04887   0.04661   0.04443   0.04236   0.04042   0.03863   0.03699   0.03551
  0.06550   0.06533   0.06483   0.06401   0.06289   0.06150   0.05987   0.05805   0.05608   0.05399   0.05183   0.04965   0.04749   0.04537   0.04333   0.04139   0.03957   0.03789   0.03636   0.03498
  0.06273   0.06258   0.06211   0.06135   0.06031   0.05902   0.05751   0.05582   0.05399   0.05205   0.05005   0.04803   0.04602   0.04405   0.04216   0.04036   0.03868   0.03712   0.03570   0.03442
  0.05987   0.05973   0.05930   0.05860   0.05765   0.05646   0.05507   0.05352   0.05183   0.05005   0.04821   0.04635   0.04451   0.04270   0.04096   0.03930   0.03775   0.03632   0.03502   0.03384
  0.05698   0.05685   0.05646   0.05582   0.05495   0.05387   0.05261   0.05119   0.04965   0.04803   0.04635   0.04466   0.04297   0.04132   0.03974   0.03823   0.03682   0.03551   0.03432   0.03325
  0.05411   0.05399   0.05364   0.05306   0.05227   0.05130   0.05015   0.04887   0.04749   0.04602   0.04451   0.04297   0.04145   0.03996   0.03853   0.03717   0.03589   0.03471   0.03364   0.03266
  0.05130   0.05119   0.05087   0.05036   0.04965   0.04878   0.04776   0.04661   0.04537   0.04405   0.04270   0.04132   0.03996   0.03863   0.03734   0.03612   0.03498   0.03393   0.03296   0.03209
  0.04859   0.04850   0.04821   0.04776   0.04713   0.04635   0.04545   0.04443   0.04333   0.04216   0.04096   0.03974   0.03853   0.03734   0.03620   0.03512   0.03411   0.03317   0.03231   0.03154
  0.04602   0.04594   0.04569   0.04529   0.04474   0.04405   0.04325   0.04236   0.04139   0.04036   0.03930   0.03823   0.03717   0.03612   0.03512   0.03417   0.03328   0.03245   0.03170   0.03102
  0.04361   0.04354   0.04333   0.04297   0.04249   0.04190   0.04120   0.04042   0.03957   0.03868   0.03775   0.03682   0.03589   0.03498   0.03411   0.03328   0.03250   0.03178   0.03112   0.03053
  0.04139   0.04132   0.04114   0.04083   0.04042   0.03990   0.03930   0.03863   0.03789   0.03712   0.03632   0.03551   0.03471   0.03393   0.03317   0.03245   0.03178   0.03116   0.03059   0.03008
  0.03936   0.03930   0.03914   0.03888   0.03853   0.03809   0.03757   0.03699   0.03636   0.03570   0.03502   0.03432   0.03364   0.03296   0.03231   0.03170   0.03112   0.03059   0.03010   0.02967
  0.03752   0.03748   0.03734   0.03712   0.03682   0.03644   0.03601   0.03551   0.03498   0.03442   0.03384   0.03325   0.03266   0.03209   0.03154   0.03102   0.03053   0.03008   0.02967   0.02929
