  0.01427   0.01425   0.01420   0.01413   0.01402   0.01388   0.01372   0.01353   0.01332   0.01308   0.01282   0.01254   0.01225   0.01194   0.01162   0.01129   0.01095   0.01060   0.01026   0.00991
  0.01425   0.01423   0.01419   0.01411   0.01400   0.01387   0.01371   0.01352   0.01330   0.01307   0.01281   0.01253   0.01224   0.01193   0.01161   0.01128   0.01094   0.01059   0.01025   0.00990
  0.01420   0.01419   0.01414   0.01407   0.01396   0.01382   0.01366   0.01347   0.01326   0.01302   0.01277   0.01249   0.01220   0.01189   0.01157   0.01124   0.01091   0.01056   0.01022   0.00987
  0.01413   0.01411   0.01407   0.01399   0.01388   0.01375   0.01359   0.01340   0.01319   0.01296   0.01270   0.01243   0.01214   0.01183   0.01152   0.01119   0.01085   0.01051   0.01017   0.00983
  0.01402   0.01400   0.01396   0.01388   0.01378   0.01365   0.01349   0.01330   0.01309   0.01286   0.01261   0.01234   0.01205   0.01175   0.01143   0.01111   0.01078   0.01044   0.01010   0.00976
  0.01388   0.01387   0.01382   0.01375   0.01365   0.01352   0.01336   0.01318   0.01297   0.01274   0.01249   0.01222   0.01194   0.01164   0.01133   0.01101   0.01069   0.01035   0.01002   0.00968
  0.01372   0.01371   0.01366   0.01359   0.01349   0.01336   0.01320   0.01302   0.01282   0.01260   0.01235   0.01209   0.01181   0.01152   0.01121   0.01090   0.01057   0.01025   0.00992   0.00959
  0.01353   0.01352   0.01347   0.01340   0.01330   0.01318   0.01302   0.01285   0.01265   0.01243   0.01219   0.01193   0.01165   0.01137   0.01107   0.01076   0.01044   0.01012   0.00980   0.00947
  0.01332   0.01330   0.01326   0.01319   0.01309   0.01297   0.01282   0.01265   0.01245   0.01224   0.01200   0.01175   0.01148   0.01120   0.01091   0.01060   0.01030   0.00998   0.00967   0.00935
  0.01308   0.01307   0.01302   0.01296   0.01286   0.01274   0.01260   0.01243   0.01224   0.01203   0.01180   0.01155   0.01129   0.01101   0.01073   0.01043   0.01013   0.00983   0.00952   0.00921
  0.01282   0.01281   0.01277   0.01270   0.01261   0.01249   0.01235   0.01219   0.01200   0.01180   0.01157   0.01133   0.01108   0.01081   0.01053   0.01025   0.00995   0.00966   0.00936   0.00905
  0.01254   0.01253   0.01249   0.01243   0.01234   0.01222   0.01209   0.01193   0.01175   0.01155   0.01133   0.01110   0.01085   0.01059   0.01033   0.01005   0.00976   0.00947   0.00918   0.00889
  0.01225   0.01224   0.01220   0.01214   0.01205   0.01194   0.01181   0.01165   0.01148   0.01129   0.01108   0.01085   0.01062   0.01036   0.01010   0.00984   0.00956   0.00928   0.00900   0.00872
  0.01194   0.01193   0.01189   0.01183   0.01175   0.01164   0.01152   0.01137   0.01120   0.01101   0.01081   0.01059   0.01036   0.01012   0.00987   0.00961   0.00935   0.00908   0.00881   0.00853
  0.01162   0.01161   0.01157   0.01152   0.01143   0.01133   0.01121   0.01107   0.01091   0.01073   0.01053   0.01033   0.01010   0.00987   0.00963   0.00938   0.00913   0.00887   0.00861   0.00834
  0.01129   0.01128   0.01124   0.01119   0.01111   0.01101   0.01090   0.01076   0.01060   0.01043   0.01025   0.01005   0.00984   0.00961   0.00938   0.00914   0.00890   0.00865   0.00840   0.00815
  0.01095   0.01094   0.01091   0.01085   0.01078   0.01069   0.01057   0.01044   0.01030   0.01013   0.00995   0.00976   0.00956   0.00935   0.00913   0.00890   0.00866   0.00843   0.00819   0.00795
  0.01060   0.01059   0.01056   0.01051   0.01044   0.01035   0.01025   0.01012   0.00998   0.00983   0.00966   0.00947   0.00928   0.00908   0.00887   0.00865   0.00843   0.00820   0.00797   0.00774
  0.01026   0.01025   0.01022   0.01017   0.01010   0.01002   0.00992   0.00980   0.00967   0.00952   0.00936   0.00918   0.00900   0.00881   0.00861   0.00840   0.00819   0.00797   0.00776   0.00754
  0.00991   0.00990   0.00987   0.00983   0.00976   0.00968   0.00959   0.00947   0.00935   0.00921   0.00905   0.00889   0.00872   0.00853   0.00834   0.00815   0.00795   0.00774   0.00754   0.00733
