  0.24867   0.24764   0.24459   0.23962   0.23287   0.22455   0.21490   0.20419   0.19271   0.18075   0.16859   0.15649   0.14469   0.13338   0.12273   0.11286   0.10384   0.09573   0.08853   0.08224
  0.24764   0.24662   0.24359   0.23864   0.23192   0.22365   0.21405   0.20339   0.19198   0.18008   0.16799   0.15595   0.14421   0.13296   0.12237   0.11254   0.10357   0.09550   0.08835   0.08208
  0.24459   0.24359   0.24060   0.23573   0.22912   0.22097   0.21152   0.20104   0.18980   0.17809   0.16618   0.15434   0.14278   0.13171   0.12128   0.11161   0.10278   0.09484   0.08779   0.08163
  0.23962   0.23864   0.23573   0.23098   0.22455   0.21661   0.20741   0.19719   0.18625   0.17484   0.16324   0.15171   0.14045   0.12966   0.11950   0.11009   0.10149   0.09375   0.08689   0.08088
  0.23287   0.23192   0.22912   0.22455   0.21834   0.21069   0.20182   0.19198   0.18143   0.17043   0.15926   0.14813   0.13728   0.12689   0.11710   0.10802   0.09973   0.09227   0.08566   0.07987
  0.22455   0.22365   0.22097   0.21661   0.21069   0.20339   0.19493   0.18555   0.17548   0.16500   0.15434   0.14373   0.13338   0.12347   0.11413   0.10547   0.09757   0.09045   0.08415   0.07863
  0.21490   0.21405   0.21152   0.20741   0.20182   0.19493   0.18695   0.17809   0.16859   0.15870   0.14864   0.13863   0.12886   0.11950   0.11069   0.10252   0.09506   0.08835   0.08239   0.07718
  0.20419   0.20339   0.20104   0.19719   0.19198   0.18555   0.17809   0.16982   0.16095   0.15171   0.14231   0.13296   0.12384   0.11510   0.10687   0.09924   0.09227   0.08601   0.08045   0.07558
  0.19271   0.19198   0.18980   0.18625   0.18143   0.17548   0.16859   0.16095   0.15275   0.14421   0.13553   0.12689   0.11846   0.11039   0.10278   0.09573   0.08929   0.08350   0.07836   0.07386
  0.18075   0.18008   0.17809   0.17484   0.17043   0.16500   0.15870   0.15171   0.14421   0.13640   0.12846   0.12056   0.11286   0.10547   0.09852   0.09207   0.08618   0.08088   0.07618   0.07207
  0.16859   0.16799   0.16618   0.16324   0.15926   0.15434   0.14864   0.14231   0.13553   0.12846   0.12128   0.11413   0.10716   0.10047   0.09418   0.08835   0.08302   0.07823   0.07397   0.07025
  0.15649   0.15595   0.15434   0.15171   0.14813   0.14373   0.13863   0.13296   0.12689   0.12056   0.11413   0.10773   0.10149   0.09550   0.08987   0.08464   0.07987   0.07558   0.07177   0.06844
  0.14469   0.14421   0.14278   0.14045   0.13728   0.13338   0.12886   0.12384   0.11846   0.11286   0.10716   0.10149   0.09595   0.09065   0.08566   0.08103   0.07680   0.07300   0.06963   0.06668
  0.13338   0.13296   0.13171   0.12966   0.12689   0.12347   0.11950   0.11510   0.11039   0.10547   0.10047   0.09550   0.09065   0.08601   0.08163   0.07757   0.07386   0.07053   0.06757   0.06499
  0.12273   0.12237   0.12128   0.11950   0.11710   0.11413   0.11069   0.10687   0.10278   0.09852   0.09418   0.08987   0.08566   0.08163   0.07783   0.07431   0.07109   0.06820   0.06564   0.06339
  0.11286   0.11254   0.11161   0.11009   0.10802   0.10547   0.10252   0.09924   0.09573   0.09207   0.08835   0.08464   0.08103   0.07757   0.07431   0.07129   0.06853   0.06604   0.06384   0.06191
  0.10384   0.10357   0.10278   0.10149   0.09973   0.09757   0.09506   0.09227   0.08929   0.08618   0.08302   0.07987   0.07680   0.07386   0.07109   0.06853   0.06618   0.06407   0.06220   0.06057
  0.09573   0.09550   0.09484   0.09375   0.09227   0.09045   0.08835   0.08601   0.08350   0.08088   0.07823   0.07558   0.07300   0.07053   0.06820   0.06604   0.06407   0.06230   0.06073   0.05935
  0.08853   0.08835   0.08779   0.08689   0.08566   0.08415   0.08239   0.08045   0.07836   0.07618   0.07397   0.07177   0.06963   0.06757   0.06564   0.06384   0.06220   0.06073   0.05942   0.05827
  0.08224   0.08208   0.08163   0.08088   0.07987   0.07863   0.07718   0.07558   0.07386   0.07207   0.07025   0.06844   0.06668   0.06499   0.06339   0.06191   0.06057   0.05935   0.05827   0.05733
