  0.09027   0.08989   0.08879   0.08698   0.08453   0.08151   0.07801   0.07412   0.06995   0.06561   0.06120   0.05681   0.05252   0.04842   0.04455   0.04097   0.03769   0.03475   0.03214   0.02985
  0.08989   0.08952   0.08842   0.08663   0.08419   0.08118   0.07770   0.07383   0.06969   0.06537   0.06098   0.05661   0.05235   0.04826   0.04442   0.04085   0.03760   0.03467   0.03207   0.02980
  0.08879   0.08842   0.08734   0.08557   0.08317   0.08021   0.07678   0.07298   0.06890   0.06465   0.06032   0.05602   0.05183   0.04781   0.04402   0.04051   0.03731   0.03442   0.03187   0.02963
  0.08698   0.08663   0.08557   0.08385   0.08151   0.07863   0.07529   0.07158   0.06761   0.06347   0.05926   0.05507   0.05098   0.04707   0.04338   0.03996   0.03684   0.03403   0.03154   0.02936
  0.08453   0.08419   0.08317   0.08151   0.07926   0.07648   0.07326   0.06969   0.06586   0.06187   0.05781   0.05377   0.04983   0.04606   0.04251   0.03921   0.03620   0.03349   0.03109   0.02899
  0.08151   0.08118   0.08021   0.07863   0.07648   0.07383   0.07076   0.06735   0.06370   0.05989   0.05602   0.05217   0.04842   0.04482   0.04143   0.03829   0.03542   0.03283   0.03054   0.02854
  0.07801   0.07770   0.07678   0.07529   0.07326   0.07076   0.06786   0.06465   0.06120   0.05761   0.05395   0.05032   0.04678   0.04338   0.04018   0.03721   0.03451   0.03207   0.02991   0.02802
  0.07412   0.07383   0.07298   0.07158   0.06969   0.06735   0.06465   0.06164   0.05842   0.05507   0.05166   0.04826   0.04495   0.04178   0.03879   0.03602   0.03349   0.03122   0.02920   0.02743
  0.06995   0.06969   0.06890   0.06761   0.06586   0.06370   0.06120   0.05842   0.05545   0.05235   0.04920   0.04606   0.04300   0.04007   0.03731   0.03475   0.03241   0.03031   0.02844   0.02681
  0.06561   0.06537   0.06465   0.06347   0.06187   0.05989   0.05761   0.05507   0.05235   0.04951   0.04663   0.04376   0.04097   0.03829   0.03576   0.03342   0.03128   0.02936   0.02765   0.02616
  0.06120   0.06098   0.06032   0.05926   0.05781   0.05602   0.05395   0.05166   0.04920   0.04663   0.04402   0.04143   0.03890   0.03647   0.03419   0.03207   0.03013   0.02839   0.02685   0.02550
  0.05681   0.05661   0.05602   0.05507   0.05377   0.05217   0.05032   0.04826   0.04606   0.04376   0.04143   0.03911   0.03684   0.03467   0.03262   0.03072   0.02899   0.02743   0.02605   0.02484
  0.05252   0.05235   0.05183   0.05098   0.04983   0.04842   0.04678   0.04495   0.04300   0.04097   0.03890   0.03684   0.03483   0.03291   0.03109   0.02941   0.02788   0.02650   0.02527   0.02420
  0.04842   0.04826   0.04781   0.04707   0.04606   0.04482   0.04338   0.04178   0.04007   0.03829   0.03647   0.03467   0.03291   0.03122   0.02963   0.02816   0.02681   0.02560   0.02453   0.02359
  0.04455   0.04442   0.04402   0.04338   0.04251   0.04143   0.04018   0.03879   0.03731   0.03576   0.03419   0.03262   0.03109   0.02963   0.02825   0.02697   0.02581   0.02476   0.02382   0.02301
  0.04097   0.04085   0.04051   0.03996   0.03921   0.03829   0.03721   0.03602   0.03475   0.03342   0.03207   0.03072   0.02941   0.02816   0.02697   0.02588   0.02487   0.02397   0.02317   0.02247
  0.03769   0.03760   0.03731   0.03684   0.03620   0.03542   0.03451   0.03349   0.03241   0.03128   0.03013   0.02899   0.02788   0.02681   0.02581   0.02487   0.02402   0.02326   0.02258   0.02198
  0.03475   0.03467   0.03442   0.03403   0.03349   0.03283   0.03207   0.03122   0.03031   0.02936   0.02839   0.02743   0.02650   0.02560   0.02476   0.02397   0.02326   0.02261   0.02204   0.02154
  0.03214   0.03207   0.03187   0.03154   0.03109   0.03054   0.02991   0.02920   0.02844   0.02765   0.02685   0.02605   0.02527   0.02453   0.02382   0.02317   0.02258   0.02204   0.02157   0.02115
  0.02985   0.02980   0.02963   0.02936   0.02899   0.02854   0.02802   0.02743   0.02681   0.02616   0.02550   0.02484   0.02420   0.02359   0.02301   0.02247   0.02198   0.02154   0.02115   0.02081
