  0.03350   0.03346   0.03335   0.03317   0.03292   0.03260   0.03222   0.03177   0.03127   0.03071   0.03010   0.02945   0.02876   0.02803   0.02728   0.02650   0.02571   0.02490   0.02408   0.02326
  0.03346   0.03342   0.03331   0.03313   0.03288   0.03256   0.03218   0.03174   0.03123   0.03068   0.03007   0.02942   0.02873   0.02801   0.02725   0.02648   0.02568   0.02487   0.02406   0.02324
  0.03335   0.03331   0.03321   0.03303   0.03278   0.03246   0.03208   0.03164   0.03113   0.03058   0.02998   0.02933   0.02864   0.02792   0.02717   0.02640   0.02561   0.02480   0.02399   0.02318
  0.03317   0.03313   0.03303   0.03285   0.03260   0.03229   0.03191   0.03147   0.03097   0.03042   0.02982   0.02918   0.02850   0.02778   0.02703   0.02627   0.02548   0.02468   0.02388   0.02307
  0.03292   0.03288   0.03278   0.03260   0.03236   0.03204   0.03167   0.03123   0.03074   0.03020   0.02960   0.02897   0.02829   0.02758   0.02685   0.02609   0.02531   0.02452   0.02372   0.02292
  0.03260   0.03256   0.03246   0.03229   0.03204   0.03174   0.03137   0.03094   0.03045   0.02991   0.02933   0.02870   0.02803   0.02733   0.02661   0.02586   0.02509   0.02431   0.02352   0.02273
  0.03222   0.03218   0.03208   0.03191   0.03167   0.03137   0.03100   0.03058   0.03010   0.02957   0.02900   0.02838   0.02772   0.02703   0.02632   0.02558   0.02483   0.02406   0.02328   0.02251
  0.03177   0.03174   0.03164   0.03147   0.03123   0.03094   0.03058   0.03017   0.02970   0.02918   0.02861   0.02801   0.02736   0.02669   0.02598   0.02526   0.02452   0.02377   0.02301   0.02224
  0.03127   0.03123   0.03113   0.03097   0.03074   0.03045   0.03010   0.02970   0.02924   0.02873   0.02818   0.02758   0.02695   0.02629   0.02561   0.02490   0.02417   0.02344   0.02269   0.02195
  0.03071   0.03068   0.03058   0.03042   0.03020   0.02991   0.02957   0.02918   0.02873   0.02823   0.02770   0.02712   0.02650   0.02586   0.02519   0.02450   0.02379   0.02307   0.02234   0.02162
  0.03010   0.03007   0.02998   0.02982   0.02960   0.02933   0.02900   0.02861   0.02818   0.02770   0.02717   0.02661   0.02601   0.02538   0.02473   0.02406   0.02337   0.02267   0.02197   0.02126
  0.02945   0.02942   0.02933   0.02918   0.02897   0.02870   0.02838   0.02801   0.02758   0.02712   0.02661   0.02606   0.02548   0.02487   0.02424   0.02359   0.02292   0.02224   0.02156   0.02087
  0.02876   0.02873   0.02864   0.02850   0.02829   0.02803   0.02772   0.02736   0.02695   0.02650   0.02601   0.02548   0.02492   0.02433   0.02372   0.02309   0.02245   0.02179   0.02113   0.02046
  0.02803   0.02801   0.02792   0.02778   0.02758   0.02733   0.02703   0.02669   0.02629   0.02586   0.02538   0.02487   0.02433   0.02377   0.02318   0.02257   0.02195   0.02131   0.02068   0.02004
  0.02728   0.02725   0.02717   0.02703   0.02685   0.02661   0.02632   0.02598   0.02561   0.02519   0.02473   0.02424   0.02372   0.02318   0.02261   0.02202   0.02143   0.02082   0.02021   0.01959
  0.02650   0.02648   0.02640   0.02627   0.02609   0.02586   0.02558   0.02526   0.02490   0.02450   0.02406   0.02359   0.02309   0.02257   0.02202   0.02146   0.02089   0.02031   0.01972   0.01913
  0.02571   0.02568   0.02561   0.02548   0.02531   0.02509   0.02483   0.02452   0.02417   0.02379   0.02337   0.02292   0.02245   0.02195   0.02143   0.02089   0.02034   0.01979   0.01922   0.01866
  0.02490   0.02487   0.02480   0.02468   0.02452   0.02431   0.02406   0.02377   0.02344   0.02307   0.02267   0.02224   0.02179   0.02131   0.02082   0.02031   0.01979   0.01926   0.01872   0.01818
  0.02408   0.02406   0.02399   0.02388   0.02372   0.02352   0.02328   0.02301   0.02269   0.02234   0.02197   0.02156   0.02113   0.02068   0.02021   0.01972   0.01922   0.01872   0.01821   0.01770
  0.02326   0.02324   0.02318   0.02307   0.02292   0.02273   0.02251   0.02224   0.02195   0.02162   0.02126   0.02087   0.02046   0.02004   0.01959   0.01913   0.01866   0.01818   0.01770   0.01722
