  0.04567   0.04562   0.04547   0.04523   0.04491   0.04452   0.04407   0.04358   0.04307   0.04255   0.04203   0.04152   0.04105   0.04061   0.04020   0.03984   0.03953   0.03926   0.03903   0.03884
  0.04562   0.04557   0.04542   0.04518   0.04487   0.04448   0.04403   0.04355   0.04304   0.04252   0.04200   0.04150   0.04103   0.04059   0.04019   0.03983   0.03952   0.03925   0.03902   0.03883
  0.04547   0.04542   0.04528   0.04505   0.04473   0.04435   0.04392   0.04344   0.04294   0.04243   0.04193   0.04144   0.04097   0.04054   0.04015   0.03980   0.03949   0.03923   0.03901   0.03882
  0.04523   0.04518   0.04505   0.04482   0.04452   0.04415   0.04373   0.04327   0.04279   0.04229   0.04180   0.04133   0.04088   0.04046   0.04008   0.03975   0.03945   0.03919   0.03898   0.03880
  0.04491   0.04487   0.04473   0.04452   0.04423   0.04388   0.04348   0.04304   0.04258   0.04210   0.04164   0.04118   0.04076   0.04036   0.04000   0.03967   0.03939   0.03915   0.03894   0.03877
  0.04452   0.04448   0.04435   0.04415   0.04388   0.04355   0.04317   0.04276   0.04232   0.04188   0.04144   0.04101   0.04061   0.04023   0.03989   0.03959   0.03932   0.03909   0.03890   0.03873
  0.04407   0.04403   0.04392   0.04373   0.04348   0.04317   0.04282   0.04243   0.04203   0.04161   0.04120   0.04081   0.04043   0.04008   0.03977   0.03948   0.03924   0.03902   0.03884   0.03869
  0.04358   0.04355   0.04344   0.04327   0.04304   0.04276   0.04243   0.04208   0.04171   0.04133   0.04095   0.04059   0.04024   0.03992   0.03963   0.03937   0.03915   0.03895   0.03879   0.03865
  0.04307   0.04304   0.04294   0.04279   0.04258   0.04232   0.04203   0.04171   0.04137   0.04103   0.04069   0.04036   0.04005   0.03976   0.03949   0.03926   0.03905   0.03888   0.03873   0.03860
  0.04255   0.04252   0.04243   0.04229   0.04210   0.04188   0.04161   0.04133   0.04103   0.04072   0.04042   0.04012   0.03984   0.03959   0.03935   0.03914   0.03896   0.03880   0.03866   0.03855
  0.04203   0.04200   0.04193   0.04180   0.04164   0.04144   0.04120   0.04095   0.04069   0.04042   0.04015   0.03989   0.03964   0.03942   0.03921   0.03902   0.03886   0.03872   0.03860   0.03850
  0.04152   0.04150   0.04144   0.04133   0.04118   0.04101   0.04081   0.04059   0.04036   0.04012   0.03989   0.03966   0.03945   0.03925   0.03907   0.03891   0.03877   0.03865   0.03854   0.03846
  0.04105   0.04103   0.04097   0.04088   0.04076   0.04061   0.04043   0.04024   0.04005   0.03984   0.03964   0.03945   0.03927   0.03910   0.03894   0.03880   0.03868   0.03858   0.03849   0.03841
  0.04061   0.04059   0.04054   0.04046   0.04036   0.04023   0.04008   0.03992   0.03976   0.03959   0.03942   0.03925   0.03910   0.03895   0.03882   0.03870   0.03860   0.03851   0.03844   0.03837
  0.04020   0.04019   0.04015   0.04008   0.04000   0.03989   0.03977   0.03963   0.03949   0.03935   0.03921   0.03907   0.03894   0.03882   0.03871   0.03861   0.03853   0.03845   0.03839   0.03834
  0.03984   0.03983   0.03980   0.03975   0.03967   0.03959   0.03948   0.03937   0.03926   0.03914   0.03902   0.03891   0.03880   0.03870   0.03861   0.03853   0.03846   0.03840   0.03835   0.03830
  0.03953   0.03952   0.03949   0.03945   0.03939   0.03932   0.03924   0.03915   0.03905   0.03896   0.03886   0.03877   0.03868   0.03860   0.03853   0.03846   0.03840   0.03835   0.03831   0.03828
  0.03926   0.03925   0.03923   0.03919   0.03915   0.03909   0.03902   0.03895   0.03888   0.03880   0.03872   0.03865   0.03858   0.03851   0.03845   0.03840   0.03835   0.03831   0.03828   0.03825
  0.03903   0.03902   0.03901   0.03898   0.03894   0.03890   0.03884   0.03879   0.03873   0.03866   0.03860   0.03854   0.03849   0.03844   0.03839   0.03835   0.03831   0.03828   0.03825   0.03823
  0.03884   0.03883   0.03882   0.03880   0.03877   0.03873   0.03869   0.03865   0.03860   0.03855   0.03850   0.03846   0.03841   0.03837   0.03834   0.03830   0.03828   0.03825   0.03823   0.03821
