  0.13060   0.13024   0.12920   0.12748   0.12514   0.12223   0.11883   0.11501   0.11086   0.10647   0.10192   0.09731   0.09272   0.08822   0.08387   0.07973   0.07584   0.07223   0.06892   0.06592
  0.13024   0.12989   0.12885   0.12714   0.12481   0.12192   0.11853   0.11472   0.11059   0.10622   0.10169   0.09710   0.09253   0.08805   0.08372   0.07960   0.07572   0.07212   0.06883   0.06585
  0.12920   0.12885   0.12782   0.12614   0.12384   0.12098   0.11763   0.11388   0.10980   0.10548   0.10101   0.09648   0.09197   0.08754   0.08327   0.07920   0.07537   0.07182   0.06857   0.06562
  0.12748   0.12714   0.12614   0.12449   0.12223   0.11944   0.11616   0.11249   0.10849   0.10427   0.09990   0.09546   0.09104   0.08671   0.08253   0.07855   0.07480   0.07133   0.06814   0.06526
  0.12514   0.12481   0.12384   0.12223   0.12005   0.11734   0.11416   0.11059   0.10672   0.10262   0.09837   0.09407   0.08978   0.08558   0.08152   0.07766   0.07402   0.07065   0.06756   0.06477
  0.12223   0.12192   0.12098   0.11944   0.11734   0.11472   0.11167   0.10824   0.10451   0.10056   0.09648   0.09234   0.08822   0.08418   0.08027   0.07655   0.07306   0.06981   0.06684   0.06415
  0.11883   0.11853   0.11763   0.11616   0.11416   0.11167   0.10875   0.10548   0.10192   0.09816   0.09427   0.09032   0.08639   0.08253   0.07880   0.07526   0.07192   0.06883   0.06600   0.06343
  0.11501   0.11472   0.11388   0.11249   0.11059   0.10824   0.10548   0.10238   0.09902   0.09546   0.09178   0.08805   0.08433   0.08068   0.07716   0.07380   0.07065   0.06773   0.06505   0.06262
  0.11086   0.11059   0.10980   0.10849   0.10672   0.10451   0.10192   0.09902   0.09587   0.09253   0.08908   0.08558   0.08209   0.07867   0.07537   0.07223   0.06927   0.06653   0.06402   0.06174
  0.10647   0.10622   0.10548   0.10427   0.10262   0.10056   0.09816   0.09546   0.09253   0.08943   0.08622   0.08297   0.07973   0.07655   0.07348   0.07056   0.06781   0.06526   0.06292   0.06081
  0.10192   0.10169   0.10101   0.09990   0.09837   0.09648   0.09427   0.09178   0.08908   0.08622   0.08327   0.08027   0.07728   0.07435   0.07152   0.06883   0.06630   0.06395   0.06180   0.05985
  0.09731   0.09710   0.09648   0.09546   0.09407   0.09234   0.09032   0.08805   0.08558   0.08297   0.08027   0.07753   0.07480   0.07212   0.06954   0.06708   0.06477   0.06262   0.06065   0.05887
  0.09272   0.09253   0.09197   0.09104   0.08978   0.08822   0.08639   0.08433   0.08209   0.07973   0.07728   0.07480   0.07233   0.06990   0.06756   0.06533   0.06324   0.06129   0.05951   0.05790
  0.08822   0.08805   0.08754   0.08671   0.08558   0.08418   0.08253   0.08068   0.07867   0.07655   0.07435   0.07212   0.06990   0.06773   0.06562   0.06362   0.06174   0.05999   0.05839   0.05694
  0.08387   0.08372   0.08327   0.08253   0.08152   0.08027   0.07880   0.07716   0.07537   0.07348   0.07152   0.06954   0.06756   0.06562   0.06375   0.06197   0.06029   0.05874   0.05731   0.05602
  0.07973   0.07960   0.07920   0.07855   0.07766   0.07655   0.07526   0.07380   0.07223   0.07056   0.06883   0.06708   0.06533   0.06362   0.06197   0.06039   0.05891   0.05754   0.05628   0.05515
  0.07584   0.07572   0.07537   0.07480   0.07402   0.07306   0.07192   0.07065   0.06927   0.06781   0.06630   0.06477   0.06324   0.06174   0.06029   0.05891   0.05762   0.05642   0.05532   0.05432
  0.07223   0.07212   0.07182   0.07133   0.07065   0.06981   0.06883   0.06773   0.06653   0.06526   0.06395   0.06262   0.06129   0.05999   0.05874   0.05754   0.05642   0.05538   0.05442   0.05356
  0.06892   0.06883   0.06857   0.06814   0.06756   0.06684   0.06600   0.06505   0.06402   0.06292   0.06180   0.06065   0.05951   0.05839   0.05731   0.05628   0.05532   0.05442   0.05360   0.05286
  0.06592   0.06585   0.06562   0.06526   0.06477   0.06415   0.06343   0.06262   0.06174   0.06081   0.05985   0.05887   0.05790   0.05694   0.05602   0.05515   0.05432   0.05356   0.05286   0.05222
