  0.07909   0.07887   0.07819   0.07709   0.07558   0.07371   0.07151   0.06905   0.06638   0.06355   0.06062   0.05765   0.05468   0.05178   0.04897   0.04630   0.04379   0.04145   0.03932   0.03738
  0.07887   0.07864   0.07797   0.07687   0.07537   0.07350   0.07132   0.06887   0.06620   0.06339   0.06047   0.05751   0.05456   0.05167   0.04888   0.04621   0.04371   0.04139   0.03926   0.03733
  0.07819   0.07797   0.07731   0.07622   0.07474   0.07290   0.07074   0.06832   0.06569   0.06291   0.06003   0.05711   0.05420   0.05134   0.04858   0.04596   0.04349   0.04119   0.03909   0.03719
  0.07709   0.07687   0.07622   0.07516   0.07371   0.07191   0.06980   0.06743   0.06485   0.06213   0.05931   0.05645   0.05360   0.05081   0.04811   0.04554   0.04312   0.04087   0.03882   0.03695
  0.07558   0.07537   0.07474   0.07371   0.07230   0.07055   0.06850   0.06620   0.06371   0.06106   0.05833   0.05555   0.05279   0.05008   0.04746   0.04496   0.04262   0.04044   0.03844   0.03663
  0.07371   0.07350   0.07290   0.07191   0.07055   0.06887   0.06690   0.06469   0.06228   0.05974   0.05711   0.05444   0.05178   0.04917   0.04665   0.04425   0.04199   0.03990   0.03797   0.03623
  0.07151   0.07132   0.07074   0.06980   0.06850   0.06690   0.06502   0.06291   0.06062   0.05819   0.05568   0.05313   0.05060   0.04811   0.04570   0.04341   0.04126   0.03926   0.03743   0.03577
  0.06905   0.06887   0.06832   0.06743   0.06620   0.06469   0.06291   0.06091   0.05875   0.05645   0.05408   0.05167   0.04927   0.04692   0.04464   0.04247   0.04044   0.03855   0.03681   0.03524
  0.06638   0.06620   0.06569   0.06485   0.06371   0.06228   0.06062   0.05875   0.05671   0.05456   0.05234   0.05008   0.04783   0.04562   0.04349   0.04145   0.03955   0.03777   0.03615   0.03468
  0.06355   0.06339   0.06291   0.06213   0.06106   0.05974   0.05819   0.05645   0.05456   0.05256   0.05049   0.04839   0.04630   0.04425   0.04227   0.04038   0.03860   0.03695   0.03544   0.03407
  0.06062   0.06047   0.06003   0.05931   0.05833   0.05711   0.05568   0.05408   0.05234   0.05049   0.04858   0.04665   0.04472   0.04283   0.04100   0.03926   0.03762   0.03610   0.03471   0.03345
  0.05765   0.05751   0.05711   0.05645   0.05555   0.05444   0.05313   0.05167   0.05008   0.04839   0.04665   0.04488   0.04312   0.04139   0.03972   0.03813   0.03663   0.03524   0.03397   0.03282
  0.05468   0.05456   0.05420   0.05360   0.05279   0.05178   0.05060   0.04927   0.04783   0.04630   0.04472   0.04312   0.04152   0.03995   0.03844   0.03700   0.03564   0.03439   0.03323   0.03219
  0.05178   0.05167   0.05134   0.05081   0.05008   0.04917   0.04811   0.04692   0.04562   0.04425   0.04283   0.04139   0.03995   0.03855   0.03719   0.03589   0.03468   0.03355   0.03251   0.03157
  0.04897   0.04888   0.04858   0.04811   0.04746   0.04665   0.04570   0.04464   0.04349   0.04227   0.04100   0.03972   0.03844   0.03719   0.03598   0.03482   0.03374   0.03273   0.03181   0.03097
  0.04630   0.04621   0.04596   0.04554   0.04496   0.04425   0.04341   0.04247   0.04145   0.04038   0.03926   0.03813   0.03700   0.03589   0.03482   0.03380   0.03285   0.03196   0.03114   0.03041
  0.04379   0.04371   0.04349   0.04312   0.04262   0.04199   0.04126   0.04044   0.03955   0.03860   0.03762   0.03663   0.03564   0.03468   0.03374   0.03285   0.03201   0.03123   0.03052   0.02987
  0.04145   0.04139   0.04119   0.04087   0.04044   0.03990   0.03926   0.03855   0.03777   0.03695   0.03610   0.03524   0.03439   0.03355   0.03273   0.03196   0.03123   0.03056   0.02994   0.02938
  0.03932   0.03926   0.03909   0.03882   0.03844   0.03797   0.03743   0.03681   0.03615   0.03544   0.03471   0.03397   0.03323   0.03251   0.03181   0.03114   0.03052   0.02994   0.02940   0.02892
  0.03738   0.03733   0.03719   0.03695   0.03663   0.03623   0.03577   0.03524   0.03468   0.03407   0.03345   0.03282   0.03219   0.03157   0.03097   0.03041   0.02987   0.02938   0.02892   0.02851
