  0.15594   0.15550   0.15417   0.15199   0.14903   0.14535   0.14104   0.13622   0.13098   0.12545   0.11974   0.11396   0.10822   0.10260   0.09719   0.09206   0.08724   0.08280   0.07874   0.07507
  0.15550   0.15505   0.15373   0.15156   0.14861   0.14495   0.14066   0.13586   0.13064   0.12514   0.11945   0.11370   0.10798   0.10239   0.09700   0.09189   0.08710   0.08267   0.07863   0.07498
  0.15417   0.15373   0.15243   0.15029   0.14737   0.14376   0.13953   0.13479   0.12964   0.12421   0.11860   0.11292   0.10728   0.10176   0.09644   0.09140   0.08667   0.08230   0.07831   0.07471
  0.15199   0.15156   0.15029   0.14820   0.14535   0.14181   0.13767   0.13303   0.12800   0.12269   0.11720   0.11164   0.10612   0.10073   0.09553   0.09059   0.08597   0.08169   0.07779   0.07427
  0.14903   0.14861   0.14737   0.14535   0.14258   0.13915   0.13514   0.13064   0.12576   0.12061   0.11529   0.10991   0.10455   0.09932   0.09428   0.08949   0.08501   0.08086   0.07708   0.07366
  0.14535   0.14495   0.14376   0.14181   0.13915   0.13586   0.13200   0.12768   0.12299   0.11803   0.11292   0.10775   0.10260   0.09757   0.09273   0.08812   0.08382   0.07983   0.07619   0.07291
  0.14104   0.14066   0.13953   0.13767   0.13514   0.13200   0.12833   0.12421   0.11974   0.11502   0.11015   0.10522   0.10032   0.09553   0.09091   0.08653   0.08242   0.07863   0.07516   0.07204
  0.13622   0.13586   0.13479   0.13303   0.13064   0.12768   0.12421   0.12032   0.11610   0.11164   0.10704   0.10239   0.09776   0.09324   0.08888   0.08474   0.08086   0.07728   0.07401   0.07105
  0.13098   0.13064   0.12964   0.12800   0.12576   0.12299   0.11974   0.11610   0.11215   0.10798   0.10368   0.09932   0.09499   0.09075   0.08667   0.08280   0.07917   0.07581   0.07275   0.06999
  0.12545   0.12514   0.12421   0.12269   0.12061   0.11803   0.11502   0.11164   0.10798   0.10411   0.10012   0.09607   0.09206   0.08812   0.08434   0.08075   0.07738   0.07427   0.07143   0.06886
  0.11974   0.11945   0.11860   0.11720   0.11529   0.11292   0.11015   0.10704   0.10368   0.10012   0.09644   0.09273   0.08903   0.08541   0.08193   0.07863   0.07553   0.07267   0.07006   0.06770
  0.11396   0.11370   0.11292   0.11164   0.10991   0.10775   0.10522   0.10239   0.09932   0.09607   0.09273   0.08934   0.08597   0.08267   0.07950   0.07649   0.07366   0.07105   0.06867   0.06652
  0.10822   0.10798   0.10728   0.10612   0.10455   0.10260   0.10032   0.09776   0.09499   0.09206   0.08903   0.08597   0.08292   0.07994   0.07708   0.07435   0.07180   0.06945   0.06729   0.06535
  0.10260   0.10239   0.10176   0.10073   0.09932   0.09757   0.09553   0.09324   0.09075   0.08812   0.08541   0.08267   0.07994   0.07728   0.07471   0.07227   0.06999   0.06788   0.06595   0.06421
  0.09719   0.09700   0.09644   0.09553   0.09428   0.09273   0.09091   0.08888   0.08667   0.08434   0.08193   0.07950   0.07708   0.07471   0.07243   0.07027   0.06824   0.06636   0.06465   0.06311
  0.09206   0.09189   0.09140   0.09059   0.08949   0.08812   0.08653   0.08474   0.08280   0.08075   0.07863   0.07649   0.07435   0.07227   0.07027   0.06836   0.06658   0.06493   0.06342   0.06206
  0.08724   0.08710   0.08667   0.08597   0.08501   0.08382   0.08242   0.08086   0.07917   0.07738   0.07553   0.07366   0.07180   0.06999   0.06824   0.06658   0.06502   0.06358   0.06227   0.06108
  0.08280   0.08267   0.08230   0.08169   0.08086   0.07983   0.07863   0.07728   0.07581   0.07427   0.07267   0.07105   0.06945   0.06788   0.06636   0.06493   0.06358   0.06234   0.06120   0.06018
  0.07874   0.07863   0.07831   0.07779   0.07708   0.07619   0.07516   0.07401   0.07275   0.07143   0.07006   0.06867   0.06729   0.06595   0.06465   0.06342   0.06227   0.06120   0.06023   0.05935
  0.07507   0.07498   0.07471   0.07427   0.07366   0.07291   0.07204   0.07105   0.06999   0.06886   0.06770   0.06652   0.06535   0.06421   0.06311   0.06206   0.06108   0.06018   0.05935   0.05860
