  4.06012   3.88083   3.39014   2.70958   1.98630   1.34231   0.84508   0.50645   0.30104   0.18941   0.13483   0.11076   0.10116   0.09770   0.09657   0.09623   0.09614   0.09612   0.09611   0.09611
  3.88083   3.70964   3.24115   2.59137   1.90080   1.28594   0.81121   0.48789   0.29178   0.18519   0.13308   0.11010   0.10094   0.09763   0.09655   0.09623   0.09614   0.09612   0.09611   0.09611
  3.39014   3.24115   2.83339   2.26786   1.66682   1.13168   0.71850   0.43710   0.26641   0.17364   0.12829   0.10828   0.10031   0.09743   0.09649   0.09621   0.09614   0.09612   0.09611   0.09611
  2.70958   2.59137   2.26786   1.81917   1.34231   0.91773   0.58991   0.36665   0.23122   0.15762   0.12164   0.10577   0.09944   0.09716   0.09641   0.09619   0.09613   0.09612   0.09611   0.09611
  1.98630   1.90080   1.66682   1.34231   0.99742   0.69034   0.45325   0.29178   0.19383   0.14060   0.11458   0.10310   0.09852   0.09687   0.09633   0.09617   0.09613   0.09611   0.09611   0.09611
  1.34231   1.28594   1.13168   0.91773   0.69034   0.48789   0.33157   0.22511   0.16054   0.12544   0.10828   0.10072   0.09770   0.09661   0.09626   0.09615   0.09612   0.09611   0.09611   0.09611
  0.84508   0.81121   0.71850   0.58991   0.45325   0.33157   0.23762   0.17364   0.13483   0.11374   0.10343   0.09888   0.09707   0.09641   0.09620   0.09613   0.09612   0.09611   0.09611   0.09611
  0.50645   0.48789   0.43710   0.36665   0.29178   0.22511   0.17364   0.13859   0.11733   0.10577   0.10012   0.09763   0.09663   0.09628   0.09616   0.09612   0.09611   0.09611   0.09611   0.09611
  0.30104   0.29178   0.26641   0.23122   0.19383   0.16054   0.13483   0.11733   0.10671   0.10094   0.09811   0.09687   0.09637   0.09619   0.09614   0.09612   0.09611   0.09611   0.09611   0.09611
  0.18941   0.18519   0.17364   0.15762   0.14060   0.12544   0.11374   0.10577   0.10094   0.09831   0.09702   0.09646   0.09623   0.09615   0.09612   0.09611   0.09611   0.09611   0.09611   0.09611
  0.13483   0.13308   0.12829   0.12164   0.11458   0.10828   0.10343   0.10012   0.09811   0.09702   0.09649   0.09626   0.09616   0.09613   0.09612   0.09611   0.09611   0.09611   0.09611   0.09611
  0.11076   0.11010   0.10828   0.10577   0.10310   0.10072   0.09888   0.09763   0.09687   0.09646   0.09626   0.09617   0.09613   0.09612   0.09611   0.09611   0.09611   0.09611   0.09611   0.09611
  0.10116   0.10094   0.10031   0.09944   0.09852   0.09770   0.09707   0.09663   0.09637   0.09623   0.09616   0.09613   0.09612   0.09611   0.09611   0.09611   0.09611   0.09611   0.09611   0.09611
  0.09770   0.09763   0.09743   0.09716   0.09687   0.09661   0.09641   0.09628   0.09619   0.09615   0.09613   0.09612   0.09611   0.09611   0.09611   0.09611   0.09611   0.09611   0.09611   0.09611
  0.09657   0.09655   0.09649   0.09641   0.09633   0.09626   0.09620   0.09616   0.09614   0.09612   0.09612   0.09611   0.09611   0.09611   0.09611   0.09611   0.09611   0.09611   0.09611   0.09611
  0.09623   0.09623   0.09621   0.09619   0.09617   0.09615   0.09613   0.09612   0.09612   0.09611   0.09611   0.09611   0.09611   0.09611   0.09611   0.09611   0.09611   0.09611   0.09611   0.09611
  0.09614   0.09614   0.09614   0.09613   0.09613   0.09612   0.09612   0.09611   0.09611   0.09611   0.09611   0.09611   0.09611   0.09611   0.09611   0.09611   0.09611   0.09611   0.09611   0.09611
  0.09612   0.09612   0.09612   0.09612   0.09611   0.09611   0.09611   0.09611   0.09611   0.09611   0.09611   0.09611   0.09611   0.09611   0.09611   0.09611   0.09611   0.09611   0.09611   0.09611
  0.09611   0.09611   0.09611   0.09611   0.09611   0.09611   0.09611   0.09611   0.09611   0.09611   0.09611   0.09611   0.09611   0.09611   0.09611   0.09611   0.09611   0.09611   0.09611   0.09611
  0.09611   0.09611   0.09611   0.09611   0.09611   0.09611   0.09611   0.09611   0.09611   0.09611   0.09611   0.09611   0.09611   0.09611   0.09611   0.09611   0.09611   0.09611   0.09611   0.09611
