  3.20366   3.07303   2.71214   2.20211   1.64456   1.12911   0.71197   0.41140   0.21668   0.10259   0.04188   0.01247  -0.00054  -0.00579  -0.00773  -0.00839  -0.00860  -0.00865  -0.00867  -0.00867
  3.07303   2.94770   2.60149   2.11221   1.57732   1.08284   0.68267   0.39432   0.20752   0.09806   0.03983   0.01161  -0.00087  -0.00591  -0.00777  -0.00840  -0.00860  -0.00866  -0.00867  -0.00867
  2.71214   2.60149   2.29583   1.86384   1.39159   0.95501   0.60171   0.34712   0.18220   0.08556   0.03415   0.00923  -0.00178  -0.00623  -0.00788  -0.00844  -0.00861  -0.00866  -0.00867  -0.00867
  2.20211   2.11221   1.86384   1.51283   1.12911   0.77437   0.48729   0.28043   0.14642   0.06790   0.02612   0.00588  -0.00307  -0.00669  -0.00803  -0.00848  -0.00862  -0.00866  -0.00867  -0.00867
  1.64456   1.57732   1.39159   1.12911   0.84216   0.57688   0.36221   0.20752   0.10731   0.04859   0.01734   0.00221  -0.00449  -0.00719  -0.00819  -0.00853  -0.00863  -0.00866  -0.00867  -0.00867
  1.12911   1.08284   0.95501   0.77437   0.57688   0.39432   0.24657   0.14011   0.07114   0.03073   0.00923  -0.00119  -0.00579  -0.00765  -0.00834  -0.00857  -0.00865  -0.00867  -0.00867  -0.00867
  0.71197   0.68267   0.60171   0.48729   0.36221   0.24657   0.15299   0.08556   0.04188   0.01629   0.00267  -0.00393  -0.00685  -0.00803  -0.00846  -0.00861  -0.00866  -0.00867  -0.00867  -0.00867
  0.41140   0.39432   0.34712   0.28043   0.20752   0.14011   0.08556   0.04626   0.02080   0.00588  -0.00206  -0.00591  -0.00761  -0.00830  -0.00855  -0.00864  -0.00866  -0.00867  -0.00867  -0.00867
  0.21668   0.20752   0.18220   0.14642   0.10731   0.07114   0.04188   0.02080   0.00714  -0.00087  -0.00513  -0.00719  -0.00810  -0.00847  -0.00861  -0.00865  -0.00867  -0.00867  -0.00867  -0.00867
  0.10259   0.09806   0.08556   0.06790   0.04859   0.03073   0.01629   0.00588  -0.00087  -0.00482  -0.00692  -0.00794  -0.00839  -0.00857  -0.00864  -0.00866  -0.00867  -0.00867  -0.00867  -0.00867
  0.04188   0.03983   0.03415   0.02612   0.01734   0.00923   0.00267  -0.00206  -0.00513  -0.00692  -0.00788  -0.00834  -0.00855  -0.00863  -0.00866  -0.00867  -0.00867  -0.00867  -0.00867  -0.00867
  0.01247   0.01161   0.00923   0.00588   0.00221  -0.00119  -0.00393  -0.00591  -0.00719  -0.00794  -0.00834  -0.00854  -0.00862  -0.00866  -0.00867  -0.00867  -0.00867  -0.00867  -0.00867  -0.00867
 -0.00054  -0.00087  -0.00178  -0.00307  -0.00449  -0.00579  -0.00685  -0.00761  -0.00810  -0.00839  -0.00855  -0.00862  -0.00865  -0.00867  -0.00867  -0.00867  -0.00867  -0.00867  -0.00867  -0.00867
 -0.00579  -0.00591  -0.00623  -0.00669  -0.00719  -0.00765  -0.00803  -0.00830  -0.00847  -0.00857  -0.00863  -0.00866  -0.00867  -0.00867  -0.00867  -0.00867  -0.00867  -0.00867  -0.00867  -0.00867
 -0.00773  -0.00777  -0.00788  -0.00803  -0.00819  -0.00834  -0.00846  -0.00855  -0.00861  -0.00864  -0.00866  -0.00867  -0.00867  -0.00867  -0.00867  -0.00867  -0.00867  -0.00867  -0.00867  -0.00867
 -0.00839  -0.00840  -0.00844  -0.00848  -0.00853  -0.00857  -0.00861  -0.00864  -0.00865  -0.00866  -0.00867  -0.00867  -0.00867  -0.00867  -0.00867  -0.00867  -0.00867  -0.00867  -0.00867  -0.00867
 -0.00860  -0.00860  -0.00861  -0.00862  -0.00863  -0.00865  -0.00866  -0.00866  -0.00867  -0.00867  -0.00867  -0.00867  -0.00867  -0.00867  -0.00867  -0.00867  -0.00867  -0.00867  -0.00867  -0.00867
 -0.00865  -0.00866  -0.00866  -0.00866  -0.00866  -0.00867  -0.00867  -0.00867  -0.00867  -0.00867  -0.00867  -0.00867  -0.00867  -0.00867  -0.00867  -0.00867  -0.00867  -0.00867  -0.00867  -0.00867
 -0.00867  -0.00867  -0.00867  -0.00867  -0.00867  -0.00867  -0.00867  -0.00867  -0.00867  -0.00867  -0.00867  -0.00867  -0.00867  -0.00867  -0.00867  -0.00867  -0.00867  -0.00867  -0.00867  -0.00867
 -0.00867  -0.00867  -0.00867  -0.00867  -0.00867  -0.00867  -0.00867  -0.00867  -0.00867  -0.00867  -0.00867  -0.00867  -0.00867  -0.00867  -0.00867  -0.00867  -0.00867  -0.00867  -0.00867  -0.00867
