  3.78812   3.61937   3.15876   2.52329   1.85329   1.26305   0.81333   0.51189   0.33242   0.23693   0.19134   0.17177   0.16419   0.16154   0.16070   0.16046   0.16040   0.16038   0.16038   0.16038
  3.61937   3.45846   3.01928   2.41338   1.77454   1.21176   0.78296   0.49554   0.32441   0.23337   0.18990   0.17124   0.16401   0.16148   0.16068   0.16045   0.16040   0.16038   0.16038   0.16038
  3.15876   3.01928   2.63858   2.11336   1.55959   1.07175   0.70005   0.45091   0.30257   0.22365   0.18597   0.16979   0.16352   0.16133   0.16064   0.16044   0.16039   0.16038   0.16038   0.16038
  2.52329   2.41338   2.11336   1.69945   1.26305   0.87860   0.58568   0.38934   0.27244   0.21024   0.18055   0.16780   0.16286   0.16113   0.16059   0.16043   0.16039   0.16038   0.16038   0.16038
  1.85329   1.77454   1.55959   1.26305   0.95039   0.67495   0.46508   0.32441   0.24066   0.19610   0.17483   0.16569   0.16215   0.16092   0.16053   0.16042   0.16039   0.16038   0.16038   0.16038
  1.26305   1.21176   1.07175   0.87860   0.67495   0.49554   0.35885   0.26722   0.21267   0.18365   0.16979   0.16384   0.16154   0.16073   0.16048   0.16040   0.16038   0.16038   0.16038   0.16038
  0.81333   0.78296   0.70005   0.58568   0.46508   0.35885   0.27790   0.22365   0.19134   0.17416   0.16595   0.16243   0.16106   0.16059   0.16044   0.16039   0.16038   0.16038   0.16038   0.16038
  0.51189   0.49554   0.45091   0.38934   0.32441   0.26722   0.22365   0.19444   0.17705   0.16780   0.16338   0.16148   0.16075   0.16049   0.16041   0.16039   0.16038   0.16038   0.16038   0.16038
  0.33242   0.32441   0.30257   0.27244   0.24066   0.21267   0.19134   0.17705   0.16854   0.16401   0.16185   0.16092   0.16056   0.16043   0.16039   0.16038   0.16038   0.16038   0.16038   0.16038
  0.23693   0.23337   0.22365   0.21024   0.19610   0.18365   0.17416   0.16780   0.16401   0.16199   0.16103   0.16062   0.16046   0.16040   0.16038   0.16038   0.16038   0.16038   0.16038   0.16038
  0.19134   0.18990   0.18597   0.18055   0.17483   0.16979   0.16595   0.16338   0.16185   0.16103   0.16064   0.16048   0.16041   0.16039   0.16038   0.16038   0.16038   0.16038   0.16038   0.16038
  0.17177   0.17124   0.16979   0.16780   0.16569   0.16384   0.16243   0.16148   0.16092   0.16062   0.16048   0.16041   0.16039   0.16038   0.16038   0.16038   0.16038   0.16038   0.16038   0.16038
  0.16419   0.16401   0.16352   0.16286   0.16215   0.16154   0.16106   0.16075   0.16056   0.16046   0.16041   0.16039   0.16038   0.16038   0.16038   0.16038   0.16038   0.16038   0.16038   0.16038
  0.16154   0.16148   0.16133   0.16113   0.16092   0.16073   0.16059   0.16049   0.16043   0.16040   0.16039   0.16038   0.16038   0.16038   0.16038   0.16038   0.16038   0.16038   0.16038   0.16038
  0.16070   0.16068   0.16064   0.16059   0.16053   0.16048   0.16044   0.16041   0.16039   0.16038   0.16038   0.16038   0.16038   0.16038   0.16038   0.16038   0.16038   0.16038   0.16038   0.16038
  0.16046   0.16045   0.16044   0.16043   0.16042   0.16040   0.16039   0.16039   0.16038   0.16038   0.16038   0.16038   0.16038   0.16038   0.16038   0.16038   0.16038   0.16038   0.16038   0.16038
  0.16040   0.16040   0.16039   0.16039   0.16039   0.16038   0.16038   0.16038   0.16038   0.16038   0.16038   0.16038   0.16038   0.16038   0.16038   0.16038   0.16038   0.16038   0.16038   0.16038
  0.16038   0.16038   0.16038   0.16038   0.16038   0.16038   0.16038   0.16038   0.16038   0.16038   0.16038   0.16038   0.16038   0.16038   0.16038   0.16038   0.16038   0.16038   0.16038   0.16038
  0.16038   0.16038   0.16038   0.16038   0.16038   0.16038   0.16038   0.16038   0.16038   0.16038   0.16038   0.16038   0.16038   0.16038   0.16038   0.16038   0.16038   0.16038   0.16038   0.16038
  0.16038   0.16038   0.16038   0.16038   0.16038   0.16038   0.16038   0.16038   0.16038   0.16038   0.16038   0.16038   0.16038   0.16038   0.16038   0.16038   0.16038   0.16038   0.16038   0.16038
