  2.48464   2.38189   2.09885   1.70112   1.27008   0.87613   0.56188   0.33931   0.19800   0.11708   0.07512   0.05537   0.04691   0.04360   0.04243   0.04204   0.04193   0.04190   0.04189   0.04189
  2.38189   2.28346   2.01232   1.63133   1.21841   0.84104   0.54001   0.32680   0.19143   0.11391   0.07372   0.05480   0.04669   0.04353   0.04240   0.04204   0.04193   0.04190   0.04189   0.04189
  2.09885   2.01232   1.77398   1.43908   1.07610   0.74438   0.47976   0.29234   0.17334   0.10520   0.06987   0.05324   0.04611   0.04333   0.04234   0.04202   0.04192   0.04190   0.04189   0.04189
  1.70112   1.63133   1.43908   1.16892   0.87613   0.60855   0.39509   0.24391   0.14792   0.09296   0.06446   0.05104   0.04530   0.04305   0.04225   0.04199   0.04192   0.04190   0.04189   0.04189
  1.27008   1.21841   1.07610   0.87613   0.65941   0.46134   0.30334   0.19143   0.12038   0.07969   0.05860   0.04867   0.04441   0.04275   0.04216   0.04197   0.04191   0.04189   0.04189   0.04189
  0.87613   0.84104   0.74438   0.60855   0.46134   0.32680   0.21948   0.14346   0.09520   0.06757   0.05324   0.04649   0.04360   0.04247   0.04207   0.04194   0.04190   0.04189   0.04189   0.04189
  0.56188   0.54001   0.47976   0.39509   0.30334   0.21948   0.15258   0.10520   0.07512   0.05789   0.04896   0.04476   0.04296   0.04225   0.04200   0.04192   0.04190   0.04189   0.04189   0.04189
  0.33931   0.32680   0.29234   0.24391   0.19143   0.14346   0.10520   0.07810   0.06090   0.05104   0.04594   0.04353   0.04250   0.04210   0.04195   0.04191   0.04189   0.04189   0.04189   0.04189
  0.19800   0.19143   0.17334   0.14792   0.12038   0.09520   0.07512   0.06090   0.05187   0.04669   0.04401   0.04275   0.04221   0.04200   0.04192   0.04190   0.04189   0.04189   0.04189   0.04189
  0.11708   0.11391   0.10520   0.09296   0.07969   0.06757   0.05789   0.05104   0.04669   0.04420   0.04291   0.04230   0.04204   0.04194   0.04191   0.04189   0.04189   0.04189   0.04189   0.04189
  0.07512   0.07372   0.06987   0.06446   0.05860   0.05324   0.04896   0.04594   0.04401   0.04291   0.04234   0.04207   0.04196   0.04191   0.04190   0.04189   0.04189   0.04189   0.04189   0.04189
  0.05537   0.05480   0.05324   0.05104   0.04867   0.04649   0.04476   0.04353   0.04275   0.04230   0.04207   0.04196   0.04192   0.04190   0.04189   0.04189   0.04189   0.04189   0.04189   0.04189
  0.04691   0.04669   0.04611   0.04530   0.04441   0.04360   0.04296   0.04250   0.04221   0.04204   0.04196   0.04192   0.04190   0.04189   0.04189   0.04189   0.04189   0.04189   0.04189   0.04189
  0.04360   0.04353   0.04333   0.04305   0.04275   0.04247   0.04225   0.04210   0.04200   0.04194   0.04191   0.04190   0.04189   0.04189   0.04189   0.04189   0.04189   0.04189   0.04189   0.04189
  0.04243   0.04240   0.04234   0.04225   0.04216   0.04207   0.04200   0.04195   0.04192   0.04191   0.04190   0.04189   0.04189   0.04189   0.04189   0.04189   0.04189   0.04189   0.04189   0.04189
  0.04204   0.04204   0.04202   0.04199   0.04197   0.04194   0.04192   0.04191   0.04190   0.04189   0.04189   0.04189   0.04189   0.04189   0.04189   0.04189   0.04189   0.04189   0.04189   0.04189
  0.04193   0.04193   0.04192   0.04192   0.04191   0.04190   0.04190   0.04189   0.04189   0.04189   0.04189   0.04189   0.04189   0.04189   0.04189   0.04189   0.04189   0.04189   0.04189   0.04189
  0.04190   0.04190   0.04190   0.04190   0.04189   0.04189   0.04189   0.04189   0.04189   0.04189   0.04189   0.04189   0.04189   0.04189   0.04189   0.04189   0.04189   0.04189   0.04189   0.04189
  0.04189   0.04189   0.04189   0.04189   0.04189   0.04189   0.04189   0.04189   0.04189   0.04189   0.04189   0.04189   0.04189   0.04189   0.04189   0.04189   0.04189   0.04189   0.04189   0.04189
  0.04189   0.04189   0.04189   0.04189   0.04189   0.04189   0.04189   0.04189   0.04189   0.04189   0.04189   0.04189   0.04189   0.04189   0.04189   0.04189   0.04189   0.04189   0.04189   0.04189
