  2.71512   2.59494   2.26600   1.80964   1.32443   0.89217   0.55819   0.33054   0.19233   0.11712   0.08031   0.06405   0.05756   0.05521   0.05444   0.05421   0.05415   0.05413   0.05413   0.05413
  2.59494   2.48019   2.16610   1.73036   1.26706   0.85432   0.53543   0.31806   0.18608   0.11428   0.07913   0.06360   0.05740   0.05516   0.05443   0.05421   0.05415   0.05413   0.05413   0.05413
  2.26600   2.16610   1.89268   1.51335   1.11003   0.75073   0.47312   0.28389   0.16900   0.10649   0.07589   0.06237   0.05698   0.05503   0.05439   0.05420   0.05415   0.05413   0.05413   0.05413
  1.80964   1.73036   1.51335   1.21228   0.89217   0.60700   0.38667   0.23649   0.14530   0.09569   0.07140   0.06067   0.05639   0.05484   0.05433   0.05418   0.05414   0.05413   0.05413   0.05413
  1.32443   1.26706   1.11003   0.89217   0.66054   0.45419   0.29476   0.18608   0.12010   0.08420   0.06663   0.05886   0.05577   0.05464   0.05428   0.05417   0.05414   0.05413   0.05413   0.05413
  0.89217   0.85432   0.75073   0.60700   0.45419   0.31806   0.21288   0.14118   0.09765   0.07397   0.06237   0.05725   0.05521   0.05447   0.05423   0.05416   0.05414   0.05413   0.05413   0.05413
  0.55819   0.53543   0.47312   0.38667   0.29476   0.21288   0.14961   0.10649   0.08031   0.06606   0.05909   0.05601   0.05478   0.05433   0.05419   0.05414   0.05413   0.05413   0.05413   0.05413
  0.33054   0.31806   0.28389   0.23649   0.18608   0.14118   0.10649   0.08284   0.06848   0.06067   0.05685   0.05516   0.05449   0.05424   0.05416   0.05414   0.05413   0.05413   0.05413   0.05413
  0.19233   0.18608   0.16900   0.14530   0.12010   0.09765   0.08031   0.06848   0.06131   0.05740   0.05549   0.05464   0.05431   0.05419   0.05415   0.05413   0.05413   0.05413   0.05413   0.05413
  0.11712   0.11428   0.10649   0.09569   0.08420   0.07397   0.06606   0.06067   0.05740   0.05562   0.05475   0.05436   0.05421   0.05416   0.05414   0.05413   0.05413   0.05413   0.05413   0.05413
  0.08031   0.07913   0.07589   0.07140   0.06663   0.06237   0.05909   0.05685   0.05549   0.05475   0.05439   0.05423   0.05416   0.05414   0.05413   0.05413   0.05413   0.05413   0.05413   0.05413
  0.06405   0.06360   0.06237   0.06067   0.05886   0.05725   0.05601   0.05516   0.05464   0.05436   0.05423   0.05417   0.05414   0.05413   0.05413   0.05413   0.05413   0.05413   0.05413   0.05413
  0.05756   0.05740   0.05698   0.05639   0.05577   0.05521   0.05478   0.05449   0.05431   0.05421   0.05416   0.05414   0.05413   0.05413   0.05413   0.05413   0.05413   0.05413   0.05413   0.05413
  0.05521   0.05516   0.05503   0.05484   0.05464   0.05447   0.05433   0.05424   0.05419   0.05416   0.05414   0.05413   0.05413   0.05413   0.05413   0.05413   0.05413   0.05413   0.05413   0.05413
  0.05444   0.05443   0.05439   0.05433   0.05428   0.05423   0.05419   0.05416   0.05415   0.05414   0.05413   0.05413   0.05413   0.05413   0.05413   0.05413   0.05413   0.05413   0.05413   0.05413
  0.05421   0.05421   0.05420   0.05418   0.05417   0.05416   0.05414   0.05414   0.05413   0.05413   0.05413   0.05413   0.05413   0.05413   0.05413   0.05413   0.05413   0.05413   0.05413   0.05413
  0.05415   0.05415   0.05415   0.05414   0.05414   0.05414   0.05413   0.05413   0.05413   0.05413   0.05413   0.05413   0.05413   0.05413   0.05413   0.05413   0.05413   0.05413   0.05413   0.05413
  0.05413   0.05413   0.05413   0.05413   0.05413   0.05413   0.05413   0.05413   0.05413   0.05413   0.05413   0.05413   0.05413   0.05413   0.05413   0.05413   0.05413   0.05413   0.05413   0.05413
  0.05413   0.05413   0.05413   0.05413   0.05413   0.05413   0.05413   0.05413   0.05413   0.05413   0.05413   0.05413   0.05413   0.05413   0.05413   0.05413   0.05413   0.05413   0.05413   0.05413
  0.05413   0.05413   0.05413   0.05413   0.05413   0.05413   0.05413   0.05413   0.05413   0.05413   0.05413   0.05413   0.05413   0.05413   0.05413   0.05413   0.05413   0.05413   0.05413   0.05413
