  1.99665   1.90070   1.64041   1.28562   0.91825   0.60234   0.36880   0.21783   0.13167   0.08798   0.06823   0.06025   0.05735   0.05641   0.05614   0.05607   0.05605   0.05605   0.05605   0.05605
  1.90070   1.80951   1.56208   1.22483   0.87563   0.57534   0.35334   0.20983   0.12793   0.08640   0.06763   0.06004   0.05729   0.05640   0.05613   0.05607   0.05605   0.05605   0.05605   0.05605
  1.64041   1.56208   1.34957   1.05991   0.75998   0.50206   0.31139   0.18813   0.11778   0.08212   0.06600   0.05948   0.05711   0.05635   0.05612   0.05606   0.05605   0.05605   0.05605   0.05605
  1.28562   1.22483   1.05991   0.83511   0.60234   0.40218   0.25421   0.15855   0.10396   0.07628   0.06377   0.05871   0.05687   0.05628   0.05610   0.05606   0.05605   0.05605   0.05605   0.05605
  0.91825   0.87563   0.75998   0.60234   0.43912   0.29877   0.19500   0.12793   0.08964   0.07023   0.06146   0.05791   0.05663   0.05621   0.05609   0.05605   0.05605   0.05605   0.05605   0.05605
  0.60234   0.57534   0.50206   0.40218   0.29877   0.20983   0.14409   0.10159   0.07733   0.06504   0.05948   0.05723   0.05641   0.05615   0.05607   0.05605   0.05605   0.05605   0.05605   0.05605
  0.36880   0.35334   0.31139   0.25421   0.19500   0.14409   0.10645   0.08212   0.06823   0.06119   0.05801   0.05672   0.05626   0.05610   0.05606   0.05605   0.05605   0.05605   0.05605   0.05605
  0.21783   0.20983   0.18813   0.15855   0.12793   0.10159   0.08212   0.06953   0.06235   0.05871   0.05706   0.05640   0.05615   0.05608   0.05605   0.05605   0.05605   0.05605   0.05605   0.05605
  0.13167   0.12793   0.11778   0.10396   0.08964   0.07733   0.06823   0.06235   0.05899   0.05729   0.05652   0.05621   0.05610   0.05606   0.05605   0.05605   0.05605   0.05605   0.05605   0.05605
  0.08798   0.08640   0.08212   0.07628   0.07023   0.06504   0.06119   0.05871   0.05729   0.05657   0.05625   0.05611   0.05607   0.05605   0.05605   0.05605   0.05605   0.05605   0.05605   0.05605
  0.06823   0.06763   0.06600   0.06377   0.06146   0.05948   0.05801   0.05706   0.05652   0.05625   0.05612   0.05607   0.05605   0.05605   0.05605   0.05605   0.05605   0.05605   0.05605   0.05605
  0.06025   0.06004   0.05948   0.05871   0.05791   0.05723   0.05672   0.05640   0.05621   0.05611   0.05607   0.05605   0.05605   0.05605   0.05605   0.05605   0.05605   0.05605   0.05605   0.05605
  0.05735   0.05729   0.05711   0.05687   0.05663   0.05641   0.05626   0.05615   0.05610   0.05607   0.05605   0.05605   0.05605   0.05605   0.05605   0.05605   0.05605   0.05605   0.05605   0.05605
  0.05641   0.05640   0.05635   0.05628   0.05621   0.05615   0.05610   0.05608   0.05606   0.05605   0.05605   0.05605   0.05605   0.05605   0.05605   0.05605   0.05605   0.05605   0.05605   0.05605
  0.05614   0.05613   0.05612   0.05610   0.05609   0.05607   0.05606   0.05605   0.05605   0.05605   0.05605   0.05605   0.05605   0.05605   0.05605   0.05605   0.05605   0.05605   0.05605   0.05605
  0.05607   0.05607   0.05606   0.05606   0.05605   0.05605   0.05605   0.05605   0.05605   0.05605   0.05605   0.05605   0.05605   0.05605   0.05605   0.05605   0.05605   0.05605   0.05605   0.05605
  0.05605   0.05605   0.05605   0.05605   0.05605   0.05605   0.05605   0.05605   0.05605   0.05605   0.05605   0.05605   0.05605   0.05605   0.05605   0.05605   0.05605   0.05605   0.05605   0.05605
  0.05605   0.05605   0.05605   0.05605   0.05605   0.05605   0.05605   0.05605   0.05605   0.05605   0.05605   0.05605   0.05605   0.05605   0.05605   0.05605   0.05605   0.05605   0.05605   0.05605
  0.05605   0.05605   0.05605   0.05605   0.05605   0.05605   0.05605   0.05605   0.05605   0.05605   0.05605   0.05605   0.05605   0.05605   0.05605   0.05605   0.05605   0.05605   0.05605   0.05605
  0.05605   0.05605   0.05605   0.05605   0.05605   0.05605   0.05605   0.05605   0.05605   0.05605   0.05605   0.05605   0.05605   0.05605   0.05605   0.05605   0.05605   0.05605   0.05605   0.05605
